6 8 4 2
0.00454737 -0.25152638 -0.28618109 -0.77385671 0.25200551 0.57171530 0.17896420 0.09326079 -0.10348878 0.55933360 0.22577244 -0.18069230 0.13775802 -0.40128815 -0.49579745 -0.35157943 -0.52714554 -0.80637062 -0.68312750 0.19177693 -0.20719714 0.21399355 -0.41452977 0.06170038 -0.14269910 -0.21741507 0.06813976 -0.40048735 0.03865393 -0.44944457 0.53129748 -0.63343832 -0.76376068 -0.74985657 -0.31774287 0.04884373 -0.13249119 -0.78832807 -0.18406213 -0.08638997 -0.36996495 0.57899202 -0.29134574 -0.36054377 -0.32927744 -0.33685508 0.10065150 -0.69034431 0.55354722 -0.04099531 0.49608908 -0.30474097 0.03799221 -0.43595816 0.15090853 -0.02608068
0.14835864 -0.32024229 0.51565405 0.51888506 -0.43749377 -0.00120977 -0.11895746 -0.40008181 0.64937169 -0.21613740 -0.31407184 -0.03475663 -0.58818070 -0.12164877 0.62233462 0.17815855 0.02035935 -0.34302727 0.40670057 0.20740401 -0.09683325 -0.54019541 -0.23155621 -0.10782406 0.91187308 0.57377775 0.20356614 -0.55198438 0.19630272 0.47487510 0.00444368 0.81603358 -0.54842298 0.52131164 -0.07862021 -0.65057871
0.56875573 0.09504945 -0.11233656 0.32173358 -0.08669731 -0.35477993 0.05058122 -0.44712220 -0.58163393 -0.42963662
tanh
0.16828654475626295

6 8 4 2
0.37490260 -0.73131092 0.00977988 -0.84441162 0.44699579 0.50679334 0.38026313 -0.43656657 -0.46636737 0.48841843 0.15804829 -0.56729647 0.10864874 0.56519980 0.42144375 0.20677398 -0.53059457 -0.49788356 -0.18751862 0.00652187 0.64894552 -0.23817248 0.61872050 0.65842550 -0.40361104 0.24205134 -0.39704713 0.37329990 -0.51793284 -0.18916147 -0.04637517 -0.35513377 -0.56203345 -0.72428797 0.93706741 -0.45250148 -0.68881102 -0.30576710 -0.53341168 0.71482531 -0.19703245 0.25846530 -0.49021239 0.32309308 0.27290208 0.01931893 -0.42658429 -0.57853641 0.50194862 0.52575030 0.13768994 0.09809009 -0.22981391 -0.76651458 0.73682962 0.11645612
-0.70587822 -0.42815580 0.62068306 0.35553295 -0.75502895 0.15694434 -0.71212825 -0.44956183 0.18245780 0.04629929 0.60294184 -0.19383900 -0.84254172 -0.57904382 -0.09496384 0.62838776 0.53051414 -0.40441627 0.68373296 -0.30773456 -0.59185030 -0.15952716 -0.06536266 -0.53350082 0.66342213 0.30182949 -0.17942507 -0.21417255 0.44061428 -0.27604355 0.22370213 0.77519984 0.19879931 0.76063013 0.44460155 -0.76046506
0.78258939 -0.42637168 -0.53623265 0.24187487 0.13106161 0.41310673 0.51502202 -0.35964772 -0.18664714 -0.72178771
tanh
0.29571734952484524

6 8 4 2
0.67532079 -1.92450808 0.77392355 -1.53400005 0.79906484 0.39347192 1.07658904 -0.54785085 -1.76077969 0.72208629 -0.22911791 -1.63762825 -0.39187784 1.28260702 1.23361990 -0.58749411 -1.85262261 -0.47530627 0.19902975 0.37390817 1.88161052 -0.04354527 1.26898898 1.83605867 -1.79710235 0.54194144 -1.25549353 0.71005882 -1.26981647 -0.66008038 -0.71959381 -1.74096911 -1.95711273 -1.85760711 1.70576970 -0.10515560 -0.99825891 -0.55553198 -0.97345043 2.03612866 -0.59431197 -0.24640121 -1.89389900 1.09378306 0.66231615 -0.68785626 -1.15854344 -0.38335106 1.66287515 1.97379849 0.96192107 -0.67156923 -0.45910992 -0.89411086 0.95123911 0.19524643
-1.95721726 -0.85602644 1.98960291 1.90225242 -0.88019608 0.90016699 -1.72924028 -1.47531932 0.38062921 -0.26753618 1.26853787 -0.84247095 -1.82002061 -0.81359276 -0.07920063 1.33125364 1.82883784 -1.09850090 1.90822654 -0.95795025 -0.91416823 -1.19018532 -0.68536406 -0.82735871 1.28631933 1.50932947 -0.81393800 -1.37583711 1.85708608 0.16080876 1.19355114 1.65401415 0.70960071 1.79084952 1.54976377 -1.12692477
1.41381185 -1.44945455 -1.96554136 0.04692933 0.09475169 1.81783802 1.76198826 -0.01969354 -0.32179334 -1.71275797
tanh
1.286916698226055

6 8 4 2
0.84330622 -2.19027244 1.17729076 -1.46442044 0.87449420 0.25826907 0.94728931 -0.36487370 -1.83613823 0.66174133 -0.55451860 -1.78183205 -0.66203477 1.38561281 1.37142396 -0.70805858 -1.87961128 -0.02265723 0.46767965 0.29802177 1.66748151 0.37391148 1.37787000 1.99890513 -1.50900182 0.40693174 -1.41238090 0.52867320 -1.27322084 -0.93418134 -1.03727940 -1.46240320 -1.66283031 -1.56593083 1.89394854 0.03417807 -1.04390287 -0.48597992 -1.20097172 1.36283829 -0.62867524 -0.57609765 -1.83961358 1.27568148 0.86114338 -0.98535493 -1.35068058 0.17707431 1.67848683 1.83064413 1.07327171 -1.18127201 -0.13128147 -0.91704284 0.79445416 0.14670740
-1.94485464 -0.97635443 1.55590999 1.83353955 -0.47530044 0.89627887 -2.01181229 -1.55524464 0.49343856 -0.51208459 1.43303293 -1.23587807 -1.94566350 -0.74221158 -0.11417136 1.25071114 1.85045286 -0.99095313 1.54570109 -0.89957185 -0.65883548 -1.39853843 -0.94543281 -0.72532840 1.18751056 1.26191929 -1.12975114 -1.39076014 1.14286974 0.50019110 1.26533604 1.42984967 0.89278330 0.93541364 1.50478625 -1.01328877
1.52300835 -1.72531915 -1.43783042 -0.28578567 0.21312807 1.94985504 1.32672704 0.40458839 -0.15164751 -1.71089879
tanh
0.5307498719235986

6 8 4 2
0.60330905 -1.84156672 0.62830374 -1.53896701 1.11103159 0.98253099 0.79921915 -0.38652813 -1.58288367 0.93159253 0.05340687 -1.68988274 -0.06669119 0.79649821 1.00500751 -0.25848046 -1.74385362 -0.59228878 0.36781803 0.34631217 1.56062060 -0.19809324 1.03186448 1.43782657 -1.68500268 0.45853065 -0.67057273 0.50341164 -0.97557870 -0.34945150 -0.27183870 -1.63451241 -1.88004079 -1.58699934 1.65508103 -0.51098645 -0.67606031 -0.40682859 -0.71120428 1.43080445 -0.44772820 0.06205606 -1.88142769 1.25483187 0.48611539 -0.06361548 -1.23747726 -0.66561985 1.80407466 1.44930041 1.16906441 -0.27569673 -0.52418207 -1.31352597 0.71609700 0.05538743
-1.82245039 -0.82705832 1.54057256 1.68920398 -0.91395536 0.58703560 -1.96472893 -1.26586704 0.55338583 0.14476150 1.36910949 -0.39199294 -1.76551818 -1.06998215 0.12819909 1.49538603 1.93077488 -0.96793218 1.76023453 -0.73401304 -0.90928913 -0.90325616 -0.71223649 -0.80516166 1.34872986 1.68863956 -0.48565409 -0.98279210 1.57484556 -0.24450504 0.92623868 1.87303886 0.82120061 1.95720325 1.23184470 -1.18753814
1.82434001 -1.55563109 -1.67174535 0.44451599 0.07379352 1.78278032 2.03336869 -0.06060439 -0.20659874 -1.89432078
tanh
1.2896643797366876

6 8 4 2
0.68561788 -2.12215660 1.14585162 -1.68371495 0.83314946 0.51591685 0.82631307 -0.46218033 -1.85628004 0.33129452 -0.36747339 -1.80480298 -0.49660032 1.35854237 0.94102921 -1.06930127 -1.68032986 0.02189671 0.17927089 0.40739604 1.56074702 0.26778990 0.98532100 1.90294870 -1.76009529 0.52388139 -0.91601154 0.20979493 -1.28973635 -0.66553602 -1.02686989 -1.87905842 -1.96389746 -1.93314953 1.61919493 0.12244314 -1.10014286 -0.35285951 -1.13387325 1.82202694 -0.86500580 -0.74483025 -1.67332877 1.17815077 0.97178967 -1.05032448 -1.51759662 0.23823433 1.76377706 2.07675942 1.07751835 -1.02433919 -0.02415665 -0.79118797 0.93547309 -0.09985965
-2.11221675 -0.82580175 1.70898502 1.46156680 -0.57882886 1.21263811 -1.69856035 -1.55726250 0.62631133 -0.55112471 1.30054383 -1.13330469 -1.78280730 -0.72282685 -0.20969783 1.25549607 1.66798276 -1.13969165 1.77410821 -1.04363818 -0.58447755 -1.35156851 -0.58918135 -0.95971956 1.29244961 1.62254200 -1.15898241 -1.47988836 1.87057001 0.40313897 1.04105133 1.85060460 1.00064050 1.53349957 1.67835493 -1.19443561
1.39498554 -1.37376664 -2.20789376 -0.21654920 -0.14016601 1.83994837 1.78861526 0.43068237 0.02112931 -1.78927582
tanh
1.2896643797366876

6 8 4 2
0.78330471 -1.13041711 0.08726087 -1.28711868 0.79028831 0.36377787 1.12742950 -0.39470941 -1.58134408 0.64390983 -0.42443564 -1.94288831 -0.65061911 0.99711385 0.99704689 -0.93715838 -1.31667823 -0.28060362 0.35995711 0.44357159 1.56512764 0.18285146 1.15860278 1.40742268 -1.43188344 0.55182203 -1.02615402 0.58438288 -0.67760759 -0.84195372 -0.97446301 -1.90381161 -1.44153997 -1.49883091 1.95700613 0.06317552 -1.02163257 -0.51876543 -1.25529341 2.17938043 -0.76654663 -0.52521873 -1.27435104 1.27607846 0.81030090 -1.05814144 -0.29645949 -0.10843408 1.49109679 1.27454708 1.14575958 0.16234150 -0.39924284 -0.83505173 0.78382314 0.09581008
-1.11377237 -0.94194301 2.16196888 1.67291186 -0.75121993 1.01448377 -1.62220203 -1.33142352 0.46672455 -0.45732659 0.31408230 -0.05482324 -1.56059451 -0.83467598 -0.10214758 1.12679830 1.32139131 -1.33205123 0.91164376 -1.09069659 -0.82008592 -1.04367882 -0.94836043 -0.84429316 1.35869377 1.64856889 -1.15922494 -1.02297372 1.46715199 0.31174410 0.84341687 1.35138593 1.02824945 1.85214673 1.34732776 -1.14317816
1.56958797 -2.01319516 -2.21349024 -0.09034740 0.18280905 1.99297092 1.99178556 0.19414247 -0.22590975 -1.89068148
tanh
1.286916698226055

6 8 4 2
0.75136660 -1.62982211 0.92627412 -1.46537605 0.74339445 0.38000511 0.97861842 -0.44905993 -1.89830880 0.60083961 -0.18507609 -1.86352775 -0.31536168 1.19081842 1.18856659 -0.65109434 -1.83360286 -0.48726906 0.31072922 0.31027254 1.62685701 0.10634664 1.16798102 1.88229553 -1.84733554 0.43833905 -1.16936462 0.58151615 -1.30716510 -0.78242946 -0.80712513 -1.80426151 -1.88358426 -1.62458731 1.60501414 -0.07640584 -0.89844442 -0.63388178 -0.88353587 2.16782843 -0.45085196 -0.29129582 -1.98183452 1.18723562 0.63248940 -0.57768242 -1.12227312 -0.31229236 1.64625459 1.79118543 0.94914242 -0.67905616 -0.54652051 -0.98063983 0.79049526 0.17860666
-1.82319352 -0.87704086 1.93254307 1.94640404 -0.87682883 0.84071192 -1.89055769 -1.42276225 0.41517829 -0.20753534 1.18208471 -0.84813074 -1.75690665 -0.70142905 0.03592245 1.19212414 1.81718116 -1.02390863 1.49625394 -0.91233228 -0.87396935 -1.21712863 -0.66340796 -0.74255316 1.22130378 1.41443596 -0.83868366 -1.22143948 1.89153597 0.14758752 1.15485847 1.87735780 0.68849358 1.75601412 1.46603655 -1.04977280
1.34835019 -1.49937645 -2.20340889 -0.01697751 -0.01612154 1.78664691 1.94426168 -0.07103899 -0.23577947 -1.72658995
tanh
1.286916698226055

6 8 4 2
0.69905397 -1.53064100 0.94220004 -1.53075611 0.70305678 -0.47290917 0.62156896 -0.38083282 -1.94260791 0.63812397 -0.34192400 -1.72638732 -0.75898687 0.97556261 1.31953143 -0.20497132 -1.89538630 -0.34129844 0.28417431 0.35530628 1.69304380 0.08761493 0.07820047 1.90004303 -1.83481365 0.48891648 -1.17406377 0.57180259 -1.27237088 -0.73957585 -0.79536245 -1.77856398 -0.87735583 -1.65382319 1.61140267 -0.00656993 -0.94016143 -0.50777044 -0.76836548 2.21110228 -0.58496358 -0.34143348 -1.76880326 1.72611034 0.71547081 -0.79347559 -1.24536262 -0.22727172 1.69816807 2.09401979 0.97882571 -1.01475171 -0.43350988 -0.81988429 0.76152907 1.13335465
-1.50442238 -1.15179606 1.06283863 1.94519740 -0.74502438 1.29980750 -1.60071176 -1.56002505 0.40890774 -0.33946087 1.11254547 -0.61324577 -1.76691412 -0.75266005 -0.60968138 1.22203662 1.81848222 -0.89978116 0.20001939 -0.92003712 -0.31281978 -1.27634276 -0.81380502 -0.13658743 1.76528387 1.71624743 -0.97211299 -0.98135586 1.89217890 -0.53910248 1.31241922 1.85166913 0.52413213 1.55609103 1.54314226 -1.08231338
1.38152219 -1.46902255 -0.99183925 0.73899853 0.10630516 1.94813811 1.94601112 0.06789083 -0.23618931 -1.80164456
tanh
1.2896643797366876

6 8 4 2
0.52149337 -1.93472578 1.48803469 -1.72529275 1.22358114 -0.34632257 1.01775074 0.20430889 -1.95736476 0.19501227 -0.90176610 -1.69602567 -0.78923576 1.32179410 0.85235755 -1.32742902 -1.89149478 0.49382201 1.15974686 1.02898982 1.56939081 0.40520506 1.11099849 1.82121511 -1.82459201 0.10534177 -0.98908202 0.80620696 -1.48409499 -0.60615514 0.00390357 -1.75342835 -1.56416295 -1.53227996 1.79462610 0.32764097 -0.90989143 -1.08344272 -1.24896873 -0.25619522 0.04733518 -0.88157563 -1.70948042 0.96920715 0.49903014 0.21217151 -1.03417915 0.56178471 1.60263810 1.73632757 1.14986251 -0.87304118 -0.12392297 -0.34291482 0.84009879 -0.37952840
-1.78633829 -1.35990034 0.27537038 1.97117087 -0.29586575 1.02855709 -1.86983855 -1.77645280 0.45845629 -0.44421264 1.34123148 -1.49092791 -1.71942321 -1.04574339 0.00837477 1.66762185 1.82694869 -1.47149281 1.71938335 -1.41900278 -0.91921021 -0.77528460 -0.98005156 -0.93515508 0.72708869 1.58671900 -1.44716719 -1.00894099 1.95493976 0.92582887 0.79982220 1.88996024 1.42770911 1.55455351 1.73895818 -0.60026664
1.70311693 -1.66783243 -0.94177499 -0.53352470 -0.01124423 1.95474771 1.94216079 0.42138050 0.37642160 -1.76145388
tanh
1.2841950805127405

6 8 4 2
0.55297632 0.39281308 1.00806319 -1.53620914 0.65338814 0.43357013 1.22185694 -0.17205840 -1.93384505 0.73328124 -0.81568045 -1.85779134 -1.09069958 1.87082973 1.56786091 -0.96806769 -1.93192240 0.27713301 0.18987752 0.55820158 1.77182532 0.01049635 0.66638057 1.94877623 -1.69769434 0.79082347 -1.43081682 0.43140417 -1.04180516 -0.57558036 -0.71268237 -1.77463047 -1.70382486 -1.77425873 1.43932745 0.23948204 -1.00899475 0.04763828 -1.62761773 0.33494514 -1.11699859 -0.49827594 -1.51103753 0.84728397 0.99266791 -1.63867442 -0.55884775 0.05395178 1.87499980 1.78668226 1.09703697 -1.27538575 0.12486714 -0.25998740 0.67328924 -0.00371707
-1.07507353 -0.56786865 1.38049236 1.97842307 -0.23082359 0.73381381 -1.77270772 -1.86159308 0.48340592 -0.69343087 0.75126802 -1.06376209 -1.75373683 -0.90465167 -0.40739908 0.74952381 1.84043988 -1.51052378 -0.60420948 -0.92143192 -0.43559896 -1.43029325 -1.06808649 -0.93453015 1.21577797 1.83101355 -1.42302869 -1.72086925 2.01536541 0.36327214 1.14352246 1.97371532 1.28485309 1.48142491 1.83657028 -1.12188065
1.53590538 -1.17579632 0.02813731 -0.12411876 0.58512025 1.91579096 1.98999373 0.58759824 -0.16691885 -1.71106468
tanh
1.2788290498854644

6 8 4 2
0.70096187 -1.37275949 1.23500694 -1.57575528 0.77239888 0.26545703 0.97110302 -0.34118088 -1.97570858 0.55632942 -0.41960723 -1.83509121 -0.71236258 1.33077421 1.34233346 -0.96418434 -1.85487734 -0.18535843 0.31793944 0.29888961 1.67650885 0.11958629 1.12827404 2.24846679 -1.83103500 0.53351244 -1.38911638 0.48717595 -1.39233703 -0.77854258 -0.91082379 -1.77989636 -1.87995895 -1.66065366 1.68636746 0.07396697 -1.00169528 -0.47276748 -1.24045038 2.51677670 -0.75007052 -0.51683116 -2.13602021 1.16090080 0.75463020 -1.03705394 -1.42234485 -0.01470200 1.76061030 1.94146518 1.23046640 -1.06142936 -0.32688055 -0.89266205 0.69827521 0.12772489
-1.39229601 -0.96637831 1.15844969 1.98591678 -0.64621871 0.89866248 -1.69910302 -1.62371929 0.47850897 -0.47445990 1.42088853 -1.21122446 -1.78454807 -0.76031064 -0.11732392 1.41758152 1.90805069 -1.25661147 0.48171522 -0.99787603 -0.84528824 -1.47231755 -0.80626548 -0.79056809 1.37301872 1.68393507 -1.15819049 -1.25730499 1.91284891 0.31331670 1.24641043 1.92355390 1.12639392 1.67311984 1.71962549 -1.09665335
1.63140415 -1.62794620 1.60004947 -0.09405565 0.03875014 1.95844592 1.98813984 0.23931085 -0.17463632 -1.78630646
tanh
0.7392480348186614

6 8 4 2
0.69886433 -2.06901552 1.10133804 -1.57510282 0.74206227 0.31322849 1.00193230 -0.36618483 -1.93929868 0.60021088 -0.38652019 -1.83638878 -0.61213547 1.32883868 1.33236505 -0.85389429 -1.89274572 -0.25821611 0.30262648 0.33091692 1.67916351 0.09626710 1.07996574 2.43433802 -1.85534318 0.51284691 -1.39106170 0.52869333 -1.34098555 -0.75889871 -0.87026408 -1.79238139 -1.63205752 -1.63809962 1.66843677 0.03229587 -0.96932790 -0.48962430 -1.14224574 1.17949048 -0.67239783 -0.43469569 -1.43780522 1.13976638 0.73356758 -0.87224402 -1.33553147 -0.09690624 1.70178325 1.91717406 1.11018531 -0.94661317 -0.37836466 -0.86887289 0.72993369 0.13448075
-2.58376481 -0.89398260 1.42414091 1.95602579 -0.70097977 0.86323617 -1.75275196 -1.60516303 0.45478951 -0.41100376 1.37023638 -1.08690178 -1.78942701 -0.75959223 -0.08805917 1.38029762 1.89572143 -1.19365626 2.71581965 -0.96006148 -0.82255955 -1.38284396 -0.79154932 -0.78089118 1.31819108 1.63256039 -1.06879130 -1.27439722 1.90826744 0.26470026 1.21283541 1.90777616 0.98004401 1.69684031 1.64202115 -1.08875833
1.51029554 -1.55630420 0.16426458 -0.06786017 0.07852518 1.96063375 1.99129546 0.15777001 -0.21126840 -1.78186272
tanh
0.5492407542427975

6 8 4 2
0.53196460 -1.81447224 1.26568393 -1.64969475 0.89160575 0.41663822 1.00969868 -0.49792614 -1.96712987 0.77887638 -0.46980800 -1.81424097 -0.80542849 1.32415218 1.19917206 -0.96736418 -1.89080876 -0.14727871 0.12241678 0.23808446 1.58657776 0.39092588 0.99970910 1.85014587 -1.84683818 0.56294627 -1.10458397 0.77721289 -1.33346348 -0.62115134 -0.61262355 -1.80431678 -1.57824893 -1.70475558 1.71104082 0.31678043 -0.92189110 -0.39531076 -1.26836245 1.08227519 -0.77745566 -0.50508874 -1.71732011 0.98596499 0.52034286 -0.39607170 -1.32933177 -0.40248991 1.72588362 1.89306614 1.17824565 -0.90858314 -0.12834030 -0.60127099 0.82610322 -0.23313147
-1.19197256 -1.00463101 1.56015300 1.98111924 -0.83620658 1.02648120 -1.77770006 -1.67088486 0.46619304 -0.45925283 1.35609114 -1.14734477 -1.75913011 -0.98014298 -0.00393705 1.45785184 1.89143891 -1.38919131 0.99367637 -1.07545028 -0.92169973 -1.17309175 -0.97418158 -0.92795939 1.12861904 1.61043369 -1.34611979 -1.09181451 1.94006075 0.46984190 1.15144254 1.91633052 1.16630206 1.67737718 1.66388634 -1.04797104
1.57660274 -1.66939103 1.25213447 -0.14592216 -0.01531396 1.95925330 1.98190188 0.42503539 -0.41070581 -1.76391968
tanh
0.5307498719235986

6 8 4 2
0.65005627 -2.29959506 1.19220231 -1.49963802 0.83731160 0.35537336 1.07503740 -0.21150186 -1.97711977 0.44411915 -0.28632120 -1.78494677 -0.59148775 1.33045932 1.22266019 -0.89753504 -1.87042531 -0.10671743 -0.00119991 0.42673393 1.67854766 0.12187008 1.09524202 2.24884411 -1.85516749 0.34107906 -1.27654950 0.44815158 -1.37118590 -0.58409356 -0.79465273 -1.77941452 -1.68534471 -1.66694332 1.66182250 0.04165650 -0.87445381 -0.48558548 -1.17069001 1.03490032 -0.62593307 -0.27242114 -0.39235282 1.19247439 0.82600114 -0.96165844 -1.39069604 -0.14392692 1.76486412 1.89839588 1.07160322 -0.89353606 -0.39411526 -0.90050785 0.59392363 0.19056121
-2.30321011 -0.89991076 1.51593502 1.98865229 -0.65239381 0.81855549 -1.73109637 -1.60339234 0.36310257 -0.39663535 1.31413521 -1.15192074 -1.76636907 -0.61385543 -0.22418004 1.28401158 1.89356853 -1.34664720 2.37764343 -0.92638061 -0.82748821 -1.50740002 -0.79604594 -0.85691298 1.32733631 1.61813155 -1.08590054 -1.21298667 1.89826676 0.38436942 1.23811104 1.91473322 1.06906805 1.63475673 1.65866412 -0.97778371
1.51745670 -1.67100215 -0.18956536 -0.03997771 0.18666944 1.96297203 1.99023439 0.06104291 -0.09940492 -1.75896747
tanh
0.9700939100527044

6 8 4 2
0.75714855 -0.45586634 1.24727043 -1.58977498 0.74061485 0.17948081 1.07088750 -0.30440710 -1.99824401 0.62279860 -0.43496652 -1.81502525 -0.77860223 1.29216902 1.39866868 -1.65460672 -1.85980736 -0.19119184 0.36832047 0.33808176 1.67919849 0.12511106 1.16730132 2.18125621 -1.83419452 0.49191777 -1.36862607 0.49022430 -1.40297253 -0.84341893 -0.99045179 -1.77722166 -1.72934478 -1.63733059 1.70394529 0.12260449 -1.04122878 -0.47026000 -1.27406285 -1.06447664 -0.85471132 -0.56369255 -1.10347424 1.16809529 0.77429234 -0.83585563 -1.44023897 0.05610297 1.73216633 1.93144278 1.21254309 -0.86261601 -0.33818125 -0.81647162 0.75258902 0.04774521
-0.32357859 -0.92294794 1.25754043 1.98538469 -0.62878034 0.99450149 -1.69553219 -1.56112129 0.49318373 -0.51461181 1.47457831 -1.14905278 -1.81037829 -0.81006970 -0.13730494 1.34608747 1.87079342 -1.28322045 0.60272887 -1.09019770 -0.88565667 -1.45259127 -0.93058095 -0.83873564 1.41306978 1.60676218 -1.22242503 -1.31461473 1.89174857 0.42232623 1.33365410 1.90387103 1.11715943 1.64513214 1.63787281 -1.13520170
1.59692540 -1.62814766 0.04830517 -0.19566349 0.13143526 1.83981734 1.97797949 0.31480888 -0.18344190 -1.77292372
tanh
0.9209483900825304

6 8 4 2
0.71332600 0.54026854 1.15247789 -1.56874826 0.74789804 0.28219754 1.01258229 -0.35021853 -1.95163428 0.59925900 -0.39628168 -1.81802459 -0.65861940 1.27271936 1.33599461 -0.79298522 -1.86754783 -0.23498008 0.31585650 0.32737645 1.68815321 0.10970402 1.09751736 1.90558654 -1.83446988 0.51275753 -1.38092876 0.51187311 -1.35776148 -0.77926336 -0.90076001 -1.77573090 -1.70375888 -1.66119273 1.67978187 0.05713542 -0.98568811 -0.48000642 -1.18438204 2.88978429 -0.72228717 -0.47308273 -1.85989928 1.14928709 0.74364876 -0.93865812 -1.37383006 -0.06806474 1.74151965 1.90252577 1.14685272 -0.95875719 -0.36124499 -0.85981501 0.73443141 0.11365740
0.54143549 -0.90882588 1.40936289 1.98825957 -0.67426249 0.89654170 -1.70799025 -1.59458190 0.46817468 -0.43846245 1.40207744 -1.11069757 -1.80076131 -0.76926146 -0.10139164 1.36698848 1.86977939 -1.22304773 -0.14050423 -0.99405227 -0.83926071 -1.38942857 -0.82349330 -0.79642458 1.34312278 1.64761184 -1.11233055 -1.28275390 1.89288646 0.30348607 1.24296591 1.91020390 1.02891829 1.65651395 1.60856800 -1.09718788
1.54597540 -1.59679641 0.54882625 -0.09817264 0.08346031 1.84876113 1.97240033 0.20208748 -0.19831565 -1.75831423
tanh
1.2683990317715406

6 8 4 2
0.68807569 1.61528669 1.07162800 -1.56336449 0.73810933 0.32807501 1.00527124 -0.36742106 -1.97990544 0.61130141 -0.38406426 -1.81159775 -0.59542376 1.30004919 1.31114737 -0.87135704 -1.88688466 -0.26697691 0.29331347 0.31987675 1.44007614 0.08907582 1.07981726 2.98026716 -1.86090103 0.52209449 -1.37114364 0.54318221 -1.33049707 -0.74233988 -0.85560783 -1.80375760 -1.70646504 -1.44460082 1.67236159 0.01173090 -0.95973431 -0.48524003 -1.16783922 0.92981057 -0.65496741 -0.41342272 -1.65128441 1.12433774 0.71410475 -0.90701970 -1.31905942 -0.13308356 1.71801438 1.91860327 1.08208998 -0.92537657 -0.39509072 -0.86214057 0.74600522 0.13745962
1.13057131 -0.89077121 1.47573746 1.86093577 -0.70205542 0.83710111 -1.72171311 -1.58442778 0.44544600 -0.39487658 1.36194317 -1.15485224 -1.80403766 -0.74551242 -0.08701646 1.38049906 1.82281581 -1.20269156 -1.31800500 -0.95895393 -0.83741452 -1.35669510 -0.77188249 -0.77152620 1.31973655 1.60845191 -1.08040533 -1.23844216 1.90905407 0.26013241 1.20739260 1.90841808 0.94930362 1.68468008 1.65357770 -1.09900728
1.52150264 -1.56111150 -1.19586738 -0.06316360 0.08820075 1.99756228 1.81374473 0.14186817 -0.22436631 -1.74672031
tanh
0.5307498719235986

