5 8 4 2
0.20888878 -0.82626133 1.30556845 -0.19423142 0.65419438 0.86666217 -1.93507745 0.53423068 -1.57756466 -1.35530298 1.56270959 -0.76836988 -0.72729522 0.12180954 -0.71785142 -1.54888668 -1.33018677 -0.83231341 -1.05015102 -0.26819960 1.19617998 -1.08368565 -1.40803208 -1.78226950 -0.81588587 -1.70645744 -1.11577289 -0.46451599 0.07855494 -1.33445360 -1.83387568 0.93332046 1.66339316 -0.47808020 -0.04153908 -0.26959864 -0.88943178 0.93801061 0.58576558 0.89307527 -0.52569143 1.12944189 -1.26485848 -0.07364330 -1.31167928 -0.84405316 -0.23445578 1.62502443
1.23111430 -1.11850691 1.23734425 1.70799473 1.81520461 1.88866642 -0.20208638 0.70120196 0.62335737 -0.02645216 1.60387876 0.12293147 1.41247367 1.12081679 -0.88248833 0.53008560 0.05126922 -1.51475319 1.03167080 -1.64440863 -1.25852556 1.05878531 1.48540833 -1.42611949 0.43145652 -1.70177624 1.58155886 -1.11761545 -0.09678926 1.05797155 -0.36036578 0.76336449 -1.40721833 0.95131280 -0.65655493 0.93140718
0.75780206 -1.44221126 0.67369684 0.65439662 -0.58422777 0.16135966 0.50126276 1.48805948 0.46750619 -1.39834709
tanh
2.001526294264474

5 8 4 2
0.38800529 -0.65313067 1.28017543 -0.24998792 0.66654935 0.93875715 -1.94972244 0.49502711 -1.96317015 -1.62200115 1.62315928 -1.04159706 -0.78354050 0.19466823 -0.70706682 -1.94445732 -1.24983385 -0.86486434 -1.06742060 -0.34342499 1.36947332 -1.29746272 -1.40134542 -1.81526752 -0.90159139 -1.50407891 -1.33658112 -0.22302625 0.14309409 -1.43782244 -1.67801717 0.97851931 1.98219090 -0.65592707 0.01285726 -0.16508356 -0.76826750 0.71628381 0.42967667 1.14646778 -0.48374119 1.19515512 -1.31314334 0.00988176 -1.46959625 -0.91041362 -0.34439148 1.95283268
1.88552861 -1.14659017 1.33280396 1.99267034 1.77265577 1.94913857 -0.27034475 0.62830835 0.67764869 -0.01584676 1.55859085 0.26265044 1.84562930 1.05727941 -0.90108141 0.61256525 0.19705536 -1.29435532 1.04655659 -1.95754236 -1.47859379 1.01560999 1.28481321 -1.32044698 0.42325006 -1.65450908 1.51670123 -1.33981648 -0.23176629 1.05685390 -0.20033005 0.96085991 -1.91103523 0.77630238 -0.89874516 1.15305050
0.63561161 -1.96269109 0.74336601 0.71521339 -0.60744396 0.24931148 0.43064539 1.97814667 0.33820234 -1.34822860
tanh
1.6770751523293896

5 8 4 2
0.40744352 -0.62689415 1.25039244 -0.28445414 0.56393923 0.91813379 -1.64976237 0.60637967 -1.46926481 -1.60291653 1.59484082 -1.17360001 -0.59739083 0.35046634 -0.64738950 -1.39391561 -1.32872738 -1.01812791 -1.00944709 -0.27899245 1.44584518 -1.17722263 -1.70353757 -1.52169205 -1.03494290 -1.59384226 -1.36748616 -0.17330245 0.20996565 -1.40866001 -1.74543074 1.11932112 1.04504004 -0.63097842 0.15010155 -0.29218368 -0.58888744 0.84507379 0.23429751 1.11344025 -0.53034011 1.01495258 -1.18059154 0.17627065 -0.69907886 -1.05070061 -0.17006694 1.54955324
1.73741434 -0.79886712 1.04501772 1.73632068 1.54366424 1.47175380 -0.15919702 0.57858902 0.53907851 0.06443321 1.01109803 0.17923682 1.53931532 1.13099760 -0.80816391 0.79441966 0.15545637 -1.84214636 0.98086944 -1.90932146 -1.39779905 1.87764805 1.36444657 -1.55931607 0.42980013 -1.70947772 1.19507747 -0.20389230 -0.21426372 0.89699129 -0.04492929 0.97125383 -1.19716742 0.63586616 -0.96706868 0.76055884
0.61998599 -1.92754536 0.91208273 0.58923805 -0.52646654 0.35941155 0.45818883 1.66593731 0.22982018 -1.30527347
tanh
0.9157381807342053

