6 8 4 2
-1.33027400 0.86449125 1.40287831 -0.66602715 1.27561109 -0.78986076 -0.99370599 -0.29220529 -1.56315278 -1.33908117 -1.49149802 0.31523336 -0.61094779 0.19882766 0.01736942 -1.26324481 -1.22983331 0.53452223 -1.53435668 0.80103239 -1.19517887 -0.46758950 1.50020838 1.67806519 -1.80795013 -1.18865856 -1.28352314 1.82437072 -0.47858025 -0.62522085 1.01114238 -0.15805559 1.83897536 0.50256962 1.08255352 -1.80552851 -1.69561242 -1.56125191 -0.79601885 1.37786852 -1.86946084 -1.68251974 -1.17536233 -1.63478135 -1.09792598 -0.08116918 -0.86983681 0.67446463 0.11949624 -1.80940713 -1.88704948 1.22768263 -1.18763711 -0.57653904 -0.45266786 0.31630695
-1.81752326 1.17359037 -0.76404147 -0.73681021 1.84940054 0.97511849 1.56638672 0.28874287 0.20178264 0.52712746 1.85346390 -1.89110610 0.77246467 -0.42725746 1.92221079 -1.88923819 -0.77102468 -1.09409687 1.94212283 -1.44169136 0.68077331 1.08574784 -1.42224567 -0.96056304 -1.96419342 1.14543007 -0.83958815 0.74039092 -1.84001149 -1.75738443 -0.02147922 -0.90324901 -1.17614449 -0.99499427 1.85367651 1.80447130
0.76310113 -0.46697510 1.87577458 1.24912995 0.54981492 -0.63314307 -0.58747861 1.15331645 -0.41587437 1.90326697
tanh
50.556411027908325

6 8 4 2
-1.18717967 1.06558593 1.39008670 -0.63223770 1.40458286 -0.98419163 -1.12422332 -0.14746805 -1.69654687 -1.35471149 -1.66142338 0.24921093 -0.54377834 0.09913875 0.14488725 -1.13778929 -1.38575658 0.73183189 -1.68714791 0.79423961 -1.21488231 -0.43967032 1.27035982 1.94540322 -1.94277921 -1.19147577 -1.40034485 1.85498015 -0.60891940 -0.80921707 0.97769015 -0.22570487 1.96225167 0.61644569 1.24289840 -1.92385349 -1.75590214 -1.49824208 -0.59354714 1.25832963 -1.82817861 -1.72562759 -1.18853244 -1.75704689 -0.93182356 -0.02371448 -0.84844267 0.74789773 0.23519868 -1.76990307 -1.87811786 1.62707608 -1.02293591 -0.63709906 -0.57401506 0.38711911
-1.76121592 0.97170194 -0.88456963 -0.70947783 1.80878199 0.81239230 1.57070151 0.28615198 0.08310978 0.47744345 1.85110181 -1.81526450 0.71156617 -0.50575542 1.93995239 -1.88594504 -0.95170736 -1.56628841 1.99549046 -1.53649067 0.72917848 0.87365330 -1.51106652 -1.13306647 -1.97770949 1.24862251 -0.79398456 0.87745224 -1.87304246 -1.77102284 0.00385718 -0.95347230 -1.00635142 -1.14400379 1.83110170 1.87668309
0.91235314 -0.66374839 1.96030765 1.66989339 0.48982337 -0.58542575 -0.28132488 1.00349766 -0.41199881 1.84760644
tanh
0.9928274054739269

6 8 4 2
-1.32213015 0.90724676 1.44912648 -0.64966175 1.29414573 -0.84261376 -1.01328678 -0.23402004 -1.65247575 -1.32906244 -1.46433134 0.28164840 -0.58010536 0.17619100 0.06102691 -1.30970509 -1.25485714 0.58046885 -1.55332737 0.78167199 -1.16726656 -0.44712100 1.61518078 1.69868490 -1.79853549 -1.19125612 -1.27884125 1.82949819 -0.52824404 -0.66401359 1.01581660 -0.17452592 1.84855315 0.51707605 1.10998447 -1.83317322 -1.72259519 -1.59935373 -0.84170332 1.58085150 -1.88006047 -1.70172312 -1.20241562 -1.63867582 -1.14087080 -0.06869834 -0.87424434 0.68687036 0.14258660 -1.80203401 -1.88319552 1.40659252 -1.19475015 -0.57917077 -0.48272002 0.31693685
-1.81744615 1.21317250 -0.79574033 -0.71943605 1.89754802 0.99880982 1.57950670 0.29136301 0.15984212 0.49764367 1.77243409 -1.88237525 0.72915368 -0.46498192 1.94894240 -1.88454399 -0.81956958 -1.09441898 1.95229538 -1.45584079 0.69215538 1.11406208 -1.21277282 -0.98919937 -1.97120304 1.18367315 -0.82709548 0.78526901 -1.91707350 -1.76180159 -0.02999296 -0.89899363 -1.23089632 -1.02024754 1.88945677 1.94551314
0.79966966 -0.52696772 1.91579028 1.29099065 0.53633409 -0.62307942 -0.59936791 1.18700467 -0.39979925 1.95291373
tanh
0.9769229659028646

6 8 4 2
-1.17317947 0.86824423 1.40076104 -0.69716108 1.29100976 -0.79079305 -0.97521560 -0.31392313 -1.61282412 -1.18775624 -1.47848086 0.31069184 -0.64831691 0.19689179 -0.02437141 -1.28769164 -1.26389890 0.51918057 -1.49505186 0.85767571 -1.20066935 -0.50589685 1.50465551 1.78968098 -1.80455266 -1.16467339 -1.20841739 1.82835429 -0.46975881 -0.58601888 1.00019437 -0.11951975 1.84590604 0.53696850 1.10158523 -1.87335021 -1.70507690 -1.53264478 -0.79608203 1.37117972 -1.87921773 -1.69573999 -1.08163543 -1.68201284 -1.13760380 -0.06458623 -0.61260386 0.70446549 0.14219040 -1.83465420 -1.87131432 1.26811664 -1.10256576 -0.61848757 -0.41822282 0.36182111
-1.82678931 1.14969946 -0.77238119 -0.74840239 1.85366312 0.85618893 1.60221545 0.30951857 0.23561849 0.50535993 1.88876585 -1.81481348 0.75645034 -0.39460253 1.91454724 -1.87192164 -0.77219840 -1.09629368 1.93706644 -1.41553226 0.66077963 1.11268771 -1.36159161 -1.00944525 -1.92595158 1.10470504 -0.89619721 0.74941702 -1.86133338 -1.76465040 -0.00320302 -0.96490949 -1.17567070 -0.99982796 1.81541716 1.94783542
0.73744733 -0.45054968 1.86705795 1.14242875 0.56622590 -0.66124814 -0.59528738 1.20590119 -0.47719984 1.89133337
tanh
51.0978639125824

6 8 4 2
-1.37295385 0.82512156 1.41015328 -0.68899868 1.31691642 -0.79923238 -1.00464889 -0.30348804 -1.64813951 -1.34872600 -1.44618766 0.34363330 -0.63164694 0.20466738 -0.00172893 -1.25567166 -1.21580601 0.52436278 -1.54122563 0.83326628 -1.20720004 -0.47314949 1.49938409 1.66187209 -1.79687313 -1.15634787 -1.30461175 1.82637046 -0.48775141 -0.61210058 1.00244944 -0.15551000 1.84854158 0.47809767 1.09051961 -1.82423168 -1.71789904 -1.59276728 -0.78683438 1.36710113 -1.90574770 -1.69098482 -1.18660148 -1.63218007 -1.06007089 -0.10949762 -0.90432024 0.71983334 0.11289158 -1.82223346 -1.92006569 1.22049803 -1.18742202 -0.57303183 -0.41480725 0.28441597
-1.80681134 1.18467931 -0.72852018 -0.73426653 1.80002384 0.97476136 1.55472054 0.29342510 0.22717338 0.55965551 1.77096473 -1.84095725 0.76505842 -0.44239785 1.92163075 -1.82686519 -0.77306532 -1.13507379 1.93927034 -1.36614584 0.71044593 1.09277682 -1.46829826 -0.96589655 -1.96044476 1.14132975 -0.88188666 0.74405523 -1.85107421 -1.74316375 -0.02771426 -0.89743702 -1.18797209 -1.01571295 1.88984327 1.88909992
0.77481919 -0.44886993 1.88541387 1.23221687 0.55076496 -0.66373967 -0.57573198 1.19492515 -0.41884412 1.90847400
tanh
50.81662201881409

6 8 4 2
-1.37966519 0.94035882 1.51912125 -0.71431772 1.39037742 -0.93431605 -0.98078066 -0.20794850 -1.75124477 -1.41817920 -1.49611786 0.34769779 -0.60156729 0.09687645 -0.00121388 -1.32240080 -1.34781831 0.65556912 -1.63513062 0.81832146 -1.28622945 -0.43565933 1.48232677 1.60533636 -1.82936101 -1.22334741 -1.45209516 1.80504564 -0.54200214 -0.66201790 1.04279097 -0.22033434 1.79501775 0.54611952 1.21021039 -1.82786703 -1.75248831 -1.61932929 -0.90295227 1.43462470 -1.94932152 -1.79200440 -1.32514140 -1.61715893 -1.12701188 -0.02779405 -0.93484659 0.72988247 0.07214311 -1.83428036 -1.87506867 1.33753739 -1.31926044 -0.65739983 -0.53163657 0.31685051
-1.80455111 1.24850869 -0.82254477 -0.68367174 1.89699096 0.99614321 1.44781245 0.28856316 0.13923163 0.50138848 1.76516877 -1.90536537 0.72719962 -0.37223669 1.95184410 -1.87795476 -0.79776603 -1.27210278 1.91945616 -1.59463958 0.72317058 1.19043762 -1.51326909 -0.93980093 -1.96481311 1.23490849 -0.86699015 0.73967857 -1.84969268 -1.87455729 -0.04179752 -0.89341760 -1.26464521 -1.00158096 1.88754010 1.83260223
0.84587129 -0.53432936 1.94753560 1.35607155 0.56973790 -0.69924327 -0.69253157 1.26952980 -0.35788118 1.86743199
tanh
50.53148078918457

6 8 4 2
-1.51960540 1.00787646 1.56995819 -0.85854108 1.27475247 -0.75684619 -1.24619594 -0.40403347 -1.65330872 -1.31900631 -1.55033830 0.49494452 -0.65323625 0.29071339 0.01840281 -1.53682534 -1.41153233 0.45304328 -1.60836779 0.98986336 -1.31174817 -0.66835210 1.65302021 1.84045551 -1.82880305 -1.38025382 -1.30990508 1.80125597 -0.58007393 -0.77370106 1.00217346 -0.03596483 1.82035932 0.52885171 1.02322365 -1.87990716 -1.69044138 -1.68284006 -0.70856112 1.38141630 -1.89011761 -1.68766294 -1.30105002 -1.73755291 -1.23415525 -0.11663041 -1.08154281 0.62158867 -0.00415687 -1.87341262 -1.93078132 1.41270604 -1.18287462 -0.64291460 -0.41803976 0.37781979
-1.80670852 1.32373912 -0.76269841 -0.86220649 1.83055111 1.09826502 1.68599333 0.42396208 0.16477024 0.61460370 1.85134040 -1.94812934 0.94851292 -0.46174124 1.84477665 -1.86398540 -0.75751196 -1.12048828 1.94125029 -1.50406454 0.87698321 1.14493996 -1.41399732 -1.19068261 -1.97565369 1.35255463 -0.97424414 0.69400937 -1.87642403 -1.81131862 0.04109753 -0.95791105 -1.38226557 -0.92806137 1.88699290 1.89342167
0.64280232 -0.27044410 1.91337732 1.46182760 0.75800073 -0.53300126 -0.65053751 1.26526610 -0.50864174 1.92999092
tanh
50.796669721603394

6 8 4 2
-1.33521380 0.85938825 1.41526068 -0.67130952 1.28071057 -0.78937185 -0.99935391 -0.28583275 -1.64388306 -1.34467252 -1.48898449 0.30712900 -0.61224704 0.19245489 0.01882922 -1.27405836 -1.23672782 0.53617105 -1.53619806 0.80042067 -1.20413887 -0.46622085 1.50441435 1.64165110 -1.81329760 -1.19219786 -1.29348620 1.83096495 -0.48667126 -0.62947651 1.00937294 -0.16462430 1.83947990 0.49467643 1.08187552 -1.83859207 -1.72799439 -1.56781958 -0.79813728 1.37218924 -1.90170603 -1.68870076 -1.18325187 -1.63222281 -1.09834963 -0.08153221 -0.88130936 0.68480695 0.11502202 -1.81357750 -1.89451746 1.24397895 -1.19509635 -0.58348032 -0.45339807 0.31453346
-1.81920749 1.17629277 -0.76215007 -0.74262148 1.85415530 0.98295281 1.56311026 0.30373247 0.19606539 0.52552284 1.85334365 -1.84999576 0.76724503 -0.42610521 1.92046293 -1.88292896 -0.77667105 -1.09955988 1.93714084 -1.44013306 0.69265532 1.10491605 -1.54317268 -0.96887324 -1.95949054 1.15250294 -0.83744755 0.74765181 -1.85520704 -1.75958613 -0.02874124 -0.90994672 -1.18385263 -1.00297511 1.86259794 1.90537962
0.77042661 -0.48167979 1.89777976 1.24480147 0.56038152 -0.64332359 -0.58806594 1.16660373 -0.42574060 1.88351289
tanh
51.6590371131897

6 8 4 2
-1.35256343 0.86409703 1.38787768 -0.67390026 1.28755021 -0.77418128 -1.00835115 -0.30750706 -1.64745700 -1.34736047 -1.49802907 0.31822305 -0.62729302 0.21883445 0.01180977 -1.25981452 -1.22775255 0.53726913 -1.53992598 0.82191784 -1.19801387 -0.47889317 1.51900870 1.67372558 -1.81361890 -1.19675618 -1.31156395 1.82299709 -0.48339144 -0.62399741 1.00470529 -0.16757145 1.86096057 0.50483439 1.09342474 -1.83098414 -1.72070680 -1.58155683 -0.80827043 1.36860692 -1.86963781 -1.69581350 -1.17636333 -1.62329832 -1.08388033 -0.08107077 -0.88682364 0.69218530 0.12313838 -1.81781817 -1.87427243 1.13050220 -1.21236124 -0.58082889 -0.45417365 0.30855593
-1.83110855 1.17890370 -0.77757545 -0.74442158 1.84933259 0.99604845 1.57399957 0.29300515 0.21464880 0.54466596 1.83894884 -1.84900849 0.76836552 -0.43259053 1.92280306 -1.88018140 -0.77278244 -1.10408460 1.93835805 -1.45443363 0.69940761 1.10164194 -1.53127546 -0.95384309 -1.96394317 1.16961337 -0.85304732 0.75547193 -1.85027987 -1.75673702 -0.02284736 -0.91585305 -1.16430053 -0.98642596 1.86031401 1.84436924
0.76571762 -0.45877920 1.90812097 1.24351341 0.55817625 -0.63541702 -0.59320479 1.16146436 -0.43827129 1.86801409
tanh
50.23498606681824

6 8 4 2
-1.60120537 0.89415679 1.60955550 -0.62866328 1.24341289 -0.81571201 -1.03181333 -0.26913676 -1.60345627 -1.28993527 -1.78602559 0.28836311 -0.58284801 0.18034431 0.04740103 -1.19564221 -1.20165695 0.53587146 -1.51894408 0.75152086 -1.12448817 -0.47983429 1.49064197 1.56137680 -1.82915149 -1.15401007 -1.23739967 1.88382000 -0.50365378 -0.58942402 1.00724608 -0.18812799 1.83647327 0.49778073 1.00967951 -1.92540005 -1.71501000 -1.33404114 -0.75152031 1.36156897 -1.83638749 -1.65650792 -1.14618591 -1.51737921 -1.06560146 -0.04005831 -0.83435712 0.63247160 0.13648744 -1.66617985 -1.79790980 1.24475303 -1.12450750 -0.54614900 -0.47328843 0.33873661
-1.83028018 1.17933555 -0.78937022 -0.68426540 1.85367675 0.96239256 1.84028258 0.27175376 0.20533985 0.53546687 1.76364315 -1.79589560 0.71103213 -0.44933640 1.89637697 -1.99666683 -0.78002863 -1.01140867 1.92459285 -1.41177070 0.65266234 1.00760718 -1.55467023 -0.97608444 -1.92818729 1.13614076 -0.84154169 0.73109150 -1.75002107 -1.77354707 -0.00479904 -0.88283529 -1.22155061 -0.97592949 1.83176602 1.91596747
0.74472045 -0.47689325 1.85378070 1.23019741 0.49224496 -0.61741583 -0.57028626 1.12503329 -0.39575742 1.88450652
tanh
0.9952228002647597

6 8 4 2
-1.35319216 0.76425873 1.42322779 -0.74851391 1.21377330 -0.79524778 -0.86678865 -0.32189101 -1.66529388 -1.43929486 -1.54621612 0.47222912 -0.75338883 0.21756448 -0.08859276 -1.30969477 -1.29822352 0.34707673 -1.55188122 0.93242449 -1.36041762 -0.49258599 1.43225347 1.61687511 -1.81352656 -1.16600561 -1.42595292 1.82243978 -0.51997686 -0.54588110 1.07810371 -0.21284683 1.80243422 0.49255324 1.15784807 -1.86154588 -1.70710705 -1.54515823 -0.70422568 1.54184116 -1.87641373 -1.70178062 -1.19002387 -1.65610645 -0.98303321 -0.20374299 -0.94408243 0.68453693 0.10274009 -1.78284427 -1.89671757 1.12528966 -1.19808537 -0.60498162 -0.44500148 0.25631517
-1.76525859 1.18665935 -0.80521324 -0.84003770 1.89632717 1.00034268 1.49638807 0.19434440 0.22810569 0.61385524 1.80791898 -1.80767228 0.87895262 -0.30382359 1.91830842 -1.91097439 -0.67458823 -1.22812677 1.95398690 -1.39753895 0.81504378 1.19774828 -1.36736668 -0.89944670 -1.95800833 1.09838557 -0.87643234 0.64432390 -1.86867193 -1.81369264 -0.15560894 -1.05277483 -1.04518385 -1.01523260 1.87867930 1.90144878
0.76704659 -0.43474139 1.92827896 1.15305161 0.74531251 -0.67079730 -0.53282533 1.13339462 -0.39263082 1.91830928
tanh
51.6380980014801

6 8 4 2
-1.33268450 0.88244868 1.41369076 -0.67161601 1.28710404 -0.80256527 -1.01636911 -0.28253456 -1.64989380 -1.34084256 -1.48847238 0.30735043 -0.60505554 0.19628537 0.02631148 -1.27335091 -1.24288011 0.54392465 -1.54619585 0.79968328 -1.19714371 -0.47366904 1.52724395 1.67532605 -1.81508145 -1.20599444 -1.28425544 1.83114243 -0.49580512 -0.63670670 1.01876082 -0.16385452 1.83232813 0.50542916 1.08420430 -1.83851027 -1.72576109 -1.57608158 -0.80072791 1.39974880 -1.90572480 -1.69301633 -1.19218042 -1.64630670 -1.11313416 -0.07205520 -0.87211578 0.67764727 0.12792894 -1.81627882 -1.89161453 1.26026950 -1.19382568 -0.57822471 -0.46551044 0.32922358
-1.81362380 1.19345332 -0.77636092 -0.73715539 1.85211734 0.99225500 1.56684380 0.29413166 0.18995306 0.53124241 1.89119722 -1.85168419 0.76702382 -0.43572287 1.92341164 -1.87572712 -0.79852555 -1.09226796 1.93872297 -1.44491224 0.68660155 1.08632199 -1.50310550 -0.98457151 -1.96345741 1.16278828 -0.84602710 0.74994248 -1.84685069 -1.78723882 -0.01706152 -0.91282586 -1.21132387 -1.00663164 1.73412881 1.90104825
0.77293898 -0.48157479 1.93162269 1.27822151 0.54249752 -0.63099348 -0.58580932 1.17087086 -0.42147717 1.89243592
tanh
50.77175426483154

6 8 4 2
-1.33274774 0.79984097 1.34935866 -0.67444462 1.27721306 -0.75246047 -0.95928848 -0.33498609 -1.63501120 -1.37425746 -1.50640601 0.32225748 -0.64004992 0.22611947 -0.00050337 -1.24683484 -1.19268868 0.47215708 -1.50669714 0.82288035 -1.21595419 -0.45704448 1.44807168 1.57825938 -1.78962834 -1.16384453 -1.30997236 1.77261203 -0.46382243 -0.59576020 1.00098614 -0.14708458 1.84045564 0.46873181 1.07570473 -1.79436884 -1.68805418 -1.57611325 -0.76753012 1.33435369 -1.88226098 -1.66580749 -1.15992562 -1.51800183 -1.02958605 -0.10125545 -0.87260017 0.67869732 0.08947748 -1.77407788 -1.85345760 1.16063754 -1.17752177 -0.58780400 -0.42611369 0.27602302
-1.79589304 1.12622964 -0.72901107 -0.77467428 1.81167016 0.93847735 1.57396043 0.29638451 0.25341127 0.53647548 1.83153257 -1.84377662 0.77120071 -0.39722828 1.92724085 -1.84762267 -0.71412790 -1.12118725 1.92480934 -1.44302354 0.67507655 1.09839866 -1.42948486 -0.90294345 -1.94604061 1.11576970 -0.85628589 0.74694827 -1.78983987 -1.77704910 -0.03828157 -0.90241157 -1.09740089 -0.97504521 1.85234669 1.88143809
0.75828130 -0.42242090 1.93269164 1.20418416 0.56786067 -0.66682076 -0.58818311 1.15140716 -0.43235912 1.84519812
tanh
50.75479054450989

6 8 4 2
-1.28370562 0.87447058 1.48943370 -0.64984230 1.25616495 -0.77263831 -0.99737615 -0.30305649 -1.62054577 -1.32840872 -1.48168306 0.32239563 -0.59983376 0.18258524 0.00902987 -1.24644394 -1.19535598 0.51572065 -1.50167694 0.80311139 -1.18090803 -0.47449213 1.53187095 1.82903290 -1.80123366 -1.15915459 -1.26656515 1.82667903 -0.46113912 -0.59033417 1.00382675 -0.15029249 1.82778771 0.49241482 1.05469749 -1.83393430 -1.73061173 -1.53403612 -0.77573690 1.36657165 -1.87601397 -1.65184126 -1.15215897 -1.62241825 -1.08342343 -0.05608977 -0.84153268 0.65967790 0.13394834 -1.91397385 -1.88048811 1.20102824 -1.18239173 -0.55796297 -0.44136311 0.31577809
-1.79079842 1.16846530 -0.76530537 -0.74633370 1.85798344 0.96391564 1.53368953 0.29902718 0.19185239 0.51214838 1.81821454 -1.84018750 0.74705239 -0.42564379 1.93501957 -1.86970280 -0.78134607 -1.06832793 1.93670469 -1.41546597 0.67340577 1.04040742 -1.40923402 -0.95523594 -1.98089161 1.13303328 -0.83068616 0.74135292 -1.85900278 -1.74413237 -0.02272101 -0.88057909 -1.14943088 -0.98138823 1.86095028 1.93718012
0.73253155 -0.47678710 1.91020935 1.17971080 0.53432938 -0.62231317 -0.56421696 1.15298249 -0.40888141 1.87002454
tanh
50.18511915206909

6 8 4 2
-1.39449588 0.86522843 1.42025323 -0.65043194 1.26944263 -0.78493229 -1.01165928 -0.27126318 -1.67665894 -1.32812165 -1.53629438 0.30658348 -0.59921962 0.20293196 0.01833746 -1.26107185 -1.22664654 0.53050642 -1.54288576 0.80156628 -1.17521846 -0.46389526 1.50852028 1.59868543 -1.82195840 -1.18779053 -1.27236684 1.70139120 -0.49599443 -0.62564513 0.99201290 -0.15884528 1.84397590 0.50541192 1.07959086 -1.82690538 -1.74897500 -1.61443782 -0.78994423 1.38237777 -1.89297228 -1.72042701 -1.17615996 -1.62830411 -1.09505120 -0.07308821 -0.86051284 0.67474161 0.13918543 -1.78089026 -1.86629435 1.26032893 -1.18403951 -0.57208972 -0.48028946 0.33737945
-1.81416735 1.16959238 -0.77909882 -0.72300182 1.81899541 0.99173173 1.57725468 0.29423748 0.18911054 0.52963194 1.86216260 -1.74394806 0.73522845 -0.42582265 1.93703983 -1.90018773 -0.79024910 -1.07081873 1.94285027 -1.42550212 0.67267872 1.08810822 -1.40316042 -0.96841287 -1.95205943 1.16616415 -0.81416571 0.74368085 -1.87565874 -1.78469368 -0.02007888 -0.90286114 -1.18769362 -1.00121967 1.85904114 1.80783619
0.76171851 -0.47405113 1.90749754 1.26047353 0.54200504 -0.62044878 -0.58053498 1.16598833 -0.39921229 1.85436819
tanh
50.168649196624756

6 8 4 2
-0.90072116 0.16131841 1.14737854 -0.92630952 1.10607053 -0.87809137 -0.35252350 -0.03049450 -1.74285468 -1.36612496 -1.71831820 0.74808648 -0.61540559 1.03058983 -0.91145782 -0.89806357 -1.00914026 0.03166778 -1.35224936 1.02034597 -1.16528013 -1.10610735 1.68713091 1.78494081 -1.75826404 -0.99837066 -1.46701094 1.75450411 -0.69608955 -1.00289629 1.02828935 0.68238843 1.84048427 0.41563900 1.01817645 -1.84195462 -1.76025902 -1.29644437 -1.12146388 1.09843719 -1.92793913 -1.72470565 -1.21921738 -1.52450855 -1.15927833 -0.20337950 -1.40496424 0.82257293 0.15245036 -1.71665570 -1.94459277 1.22514414 -1.24358724 -1.12454931 0.33066770 -0.01016990
-1.89747409 1.17592420 -0.39802220 -0.89485339 1.91945293 1.15545968 1.51069583 -0.07404946 0.47916933 0.91009577 1.81549947 -1.77382113 0.31629696 0.43370207 1.90264784 -1.76889096 -0.93452205 -1.44567484 1.91388303 -1.45833493 0.72755159 0.77293389 -1.17211790 -1.05754565 -1.97677307 0.87888206 -1.12979936 0.23218912 -1.85024943 -1.68338272 0.05826534 -1.20675360 -1.10765586 -0.58700700 1.86215696 1.69103875
1.16148021 0.30906960 1.92011800 1.47019599 1.05569189 -0.74376249 -0.52380920 1.17933415 -0.49694264 1.83982168
tanh
50.14468717575073

6 8 4 2
-1.30375929 0.79486643 1.37338487 -0.62189807 1.29411869 -0.81422753 -0.90191140 -0.25678073 -1.63285926 -1.33093788 -1.46262736 0.28817024 -0.58637885 0.18510687 0.06280611 -1.25068495 -1.09793811 0.89233367 -1.53658538 0.75223356 -1.15747334 -0.46783910 1.48170378 1.67087563 -1.80788753 -1.21121752 -1.19852661 1.82576018 -0.55414401 -0.67900011 0.99331226 -0.17840870 1.82739752 0.52104411 1.04777878 -1.82269829 -1.76369646 -1.57951149 -0.80681239 1.46205772 -1.88057860 -1.67819918 -1.13832211 -1.60815682 -1.12859370 -0.03071369 -0.84722389 0.68308668 0.15013478 -1.80487974 -1.89349087 1.18675905 -1.18021927 -0.53611795 -0.47745554 0.32509047
-1.80613932 1.15618172 -0.73694637 -0.68811229 1.81871291 1.00627707 1.58880462 0.32943356 0.16692163 0.53197427 1.82947334 -1.85114225 0.70665866 -0.45821381 1.92403812 -1.87349460 -0.82239817 -1.17788494 1.94125620 -1.42834218 0.66998703 1.07333954 -1.56080342 -0.91566230 -1.95717139 1.10604292 -0.80453898 0.72599996 -1.84894272 -1.76475076 -0.00449469 -0.92754887 -1.22470276 -1.02692642 1.84322723 1.89950785
0.80256230 -0.51324448 1.78225835 1.35730133 0.49195753 -0.63804347 -0.56097462 1.18679952 -0.38496155 1.88168566
tanh
50.710758686065674

6 8 4 2
-1.31890641 0.88414467 1.40828056 -0.65247425 1.27912956 -0.80005254 -1.01668908 -0.27792365 -1.64326444 -1.33153807 -1.46461577 0.29248273 -0.60270118 0.19964360 0.03409417 -1.25833236 -1.22075816 0.54708534 -1.53505765 0.79452442 -1.17810073 -0.46214735 1.50101736 1.67156488 -1.80863588 -1.18351848 -1.27103504 1.83721527 -0.48509411 -0.62443791 1.01748702 -0.16152483 1.83984088 0.50622958 1.07480688 -1.83191041 -1.72901444 -1.55036524 -0.80358297 1.40503791 -1.89767199 -1.67858246 -1.19323315 -1.65424232 -1.10163101 -0.07097103 -0.86269560 0.66476740 0.12064943 -1.74010566 -1.89440562 1.25620355 -1.17740216 -0.56350810 -0.47616066 0.32462790
-1.81686298 1.18390908 -0.76799190 -0.73725166 1.84742179 0.98173722 1.58488691 0.28853663 0.18443304 0.53671350 1.82267946 -1.85159359 0.74794685 -0.43509413 1.92416624 -1.87918799 -0.78199305 -1.07169109 1.94866260 -1.43721840 0.69060521 1.08529884 -1.54265055 -0.98258287 -1.94288163 1.16148624 -0.83195992 0.73749631 -1.84828105 -1.76180618 -0.02957774 -0.89935858 -1.19265411 -1.00233919 1.85944910 1.83867595
0.76083731 -0.49096959 1.89657414 1.28359861 0.54213575 -0.62815086 -0.57233498 1.16456398 -0.41051451 1.89583705
tanh
51.002601623535156

6 8 4 2
-1.31915022 0.89724197 1.43898975 -0.66589831 1.29083402 -0.81775774 -1.02692176 -0.28208504 -1.60463851 -1.57518994 -1.47834620 0.30444502 -0.56053292 0.18385910 0.05135028 -1.25706866 -1.25274961 0.57161782 -1.53284882 0.77179561 -1.19364480 -0.46022322 1.53609420 1.69380482 -1.82287893 -1.18763927 -1.27841521 1.83643372 -0.48903383 -0.63752037 1.01778159 -0.16639017 1.82570686 0.52332311 1.07220560 -1.84551312 -1.71968135 -1.36345694 -0.81849756 1.42164862 -1.90728419 -1.66246189 -1.18578498 -1.66341047 -1.11247070 -0.06673218 -0.84010930 0.68467211 0.14127343 -1.71445881 -1.89969640 1.26156667 -1.17904543 -0.56143864 -0.48616890 0.32823442
-1.82260589 1.17575719 -0.78562965 -0.72062143 1.78946502 0.99673184 1.71319515 0.30106130 0.15432506 0.52957777 1.81052970 -1.85138754 0.72818005 -0.45300903 1.92327747 -1.81632346 -0.81037590 -1.07173808 1.90907608 -1.41360597 0.67126536 1.06558771 -1.20346903 -0.98632262 -1.97682130 1.13908488 -0.81066983 0.74827877 -1.72906394 -1.75806118 -0.00694942 -0.89253590 -1.19168102 -1.01711626 1.85884248 1.86900992
0.77684374 -0.51625134 1.90281386 1.30567384 0.53285795 -0.59773201 -0.58115803 1.16740540 -0.40305186 1.94210401
tanh
49.9434711933136

6 8 4 2
-1.36236595 0.85656191 1.36795635 -0.69845351 1.26912131 -0.79638480 -0.96493884 -0.33524796 -1.66627646 -1.35561613 -1.54140807 0.34395954 -0.67289364 0.21365970 -0.04461791 -1.25186215 -1.21562840 0.48315479 -1.53039510 0.81242923 -1.22923902 -0.45252218 1.45218840 1.51414133 -1.84468743 -1.14610663 -1.30332475 1.75022288 -0.46750229 -0.61820816 1.00804760 -0.14749124 1.87121509 0.48076608 1.05444086 -1.79593773 -1.70701080 -1.56028381 -0.78122895 1.33328267 -1.87085079 -1.70523934 -1.18716527 -1.54149019 -1.08020679 -0.10526146 -0.92309007 0.67056076 0.10569332 -1.73920831 -1.89492730 1.15979939 -1.18698488 -0.58847472 -0.40946928 0.28999093
-1.81898353 1.14883919 -0.74121314 -0.76642102 1.89467767 0.98529966 1.60834118 0.33017891 0.24449474 0.57150114 1.83481408 -1.83634713 0.76818932 -0.38367657 1.92659080 -1.87203265 -0.71988260 -1.12840013 1.91621172 -1.41765290 0.70949539 1.13727560 -1.49141396 -0.93187234 -1.95479346 1.11884784 -0.84736990 0.71363280 -1.86268940 -1.77286320 -0.06078103 -0.89099004 -1.12089175 -1.01536607 1.83120406 1.86281219
0.77746360 -0.48227600 1.91405450 1.22138417 0.59684504 -0.65474312 -0.59903280 1.20119573 -0.43257490 1.93712244
tanh
50.69340944290161

6 8 4 2
-1.33303824 0.88052766 1.43256801 -0.66504433 1.29070739 -0.80178073 -1.01364816 -0.27821835 -1.65219606 -1.34272721 -1.47866118 0.30279865 -0.59870740 0.18857900 0.03093138 -1.28391336 -1.23631794 0.54695621 -1.54729714 0.79321273 -1.19836152 -0.46050862 1.52336360 1.67210524 -1.82993836 -1.19479987 -1.29124889 1.83328066 -0.49493799 -0.64553564 1.01349196 -0.17048218 1.84308820 0.50648180 1.08912566 -1.83869256 -1.72549344 -1.58300294 -0.81548262 1.39907137 -1.90371122 -1.69004825 -1.19011506 -1.63176193 -1.11047628 -0.06204994 -0.86619841 0.68641669 0.13623471 -1.80495370 -1.88557078 1.26496033 -1.19829958 -0.58360029 -0.46524046 0.31944027
-1.81957662 1.18312312 -0.77419727 -0.73465581 1.84903507 0.99582334 1.56040656 0.29895597 0.18679938 0.52634835 1.96504879 -1.84776917 0.75506242 -0.44191649 1.92210478 -1.88125638 -0.79468419 -1.10081605 1.94224527 -1.44509094 0.68249126 1.10137577 -1.46998844 -0.98048827 -1.96079826 1.15807301 -0.83535336 0.75916575 -1.88613503 -1.76045412 -0.02821566 -0.90929378 -1.21203596 -1.01260548 1.86577828 1.89455922
0.78002506 -0.49452410 1.89786181 1.27501367 0.54398247 -0.62922705 -0.59049068 1.18440035 -0.41867016 1.88884336
tanh
51.2630615234375

6 8 4 2
-1.25020908 0.77253952 1.30823005 -0.66646233 1.24316505 -0.66819756 -0.97941699 -0.21491291 -1.68627965 -1.56315450 -1.51159893 0.29961946 -0.77107989 0.48406077 0.05750097 -1.25666299 -1.39832948 0.42180181 -1.49629408 0.93765797 -0.99262352 -0.41254033 1.42183903 1.56743794 -1.77843354 -1.17721943 -1.21566483 1.84253903 -0.25787553 -0.41356271 0.73634465 -0.22189759 1.80924795 0.45055711 0.90678533 -1.80788722 -1.76968846 -1.53697548 -0.59887067 1.48117114 -1.88594402 -1.59310712 -1.11395307 -1.58991650 -1.11419831 0.00134144 -0.52453287 0.46935971 0.50924798 -1.87680777 -1.90350505 1.02258259 -1.18398287 -0.57895043 -0.05093572 0.30732831
-1.81187511 1.18326152 -0.77794774 -0.69363675 1.86660581 1.01942896 1.53681639 0.34105306 0.13014356 0.49714126 1.81792344 -1.86444950 0.70950052 -0.49088959 1.93125844 -1.82984603 -0.68012993 -1.06842885 1.92332483 -1.41212551 0.68397070 1.07124720 -1.54377624 -0.82471689 -1.94552780 1.17424481 -0.97786174 0.64235692 -1.83457273 -1.74534214 0.04644912 -1.03412474 -1.48950258 -1.21545010 1.87111555 1.91714290
0.76780463 -0.50732319 1.86141536 1.15910595 0.11297059 -0.80530886 -0.54051353 1.07623289 -0.34621085 1.88623827
tanh
50.6845223903656

6 8 4 2
-1.28600242 0.84919886 1.40010596 -0.66039642 1.29997138 -0.80709776 -1.00080369 -0.32174438 -1.64866711 -1.36675800 -1.47862611 0.30748897 -0.61803137 0.23482186 0.03379450 -1.27398392 -1.20241288 0.50060581 -1.52947245 0.84288358 -1.14502736 -0.45758908 1.48715716 1.62286633 -1.81574359 -1.12689404 -1.28824237 1.82717752 -0.47656308 -0.63654353 1.02529102 -0.16184071 1.84135395 0.52568773 1.10173753 -1.84016103 -1.72013381 -1.57885331 -0.79282744 1.37752022 -1.87842752 -1.70969693 -1.12773559 -1.65711490 -1.09196340 -0.05876176 -0.89198445 0.71024480 0.13973847 -1.80754105 -1.86496584 1.24389382 -1.17263824 -0.56426457 -0.43915489 0.33779708
-1.81439481 1.17120726 -0.75092318 -0.77693420 1.85992399 0.97559172 1.55999542 0.31904211 0.22663431 0.51476544 1.86064443 -1.85368317 0.76905487 -0.44998877 1.91973171 -1.87121890 -0.76015631 -1.10020020 1.94706342 -1.43358208 0.72815872 1.03106617 -1.43022356 -0.96218002 -1.96520421 1.13670956 -0.82756556 0.75779200 -1.85484675 -1.76739474 -0.00534370 -0.94471315 -1.16572639 -1.01099886 1.87531162 1.90702225
0.77164400 -0.44991028 1.90648839 1.24965565 0.57623098 -0.64586483 -0.57503097 1.17365202 -0.42368626 1.88573075
tanh
51.534374952316284

6 8 4 2
-1.46800967 0.55640067 1.41063042 -0.64516100 1.22991935 -0.88359226 -0.89808169 -0.25599102 -1.63800443 -1.38591028 -1.52920741 0.21765262 -0.51006813 0.21837717 0.04400005 -1.45547835 -1.22503633 0.61828106 -1.52959141 0.72529801 -1.37927315 -0.53247124 1.52558390 1.66698473 -1.81052268 -1.19295259 -1.50365127 1.76894850 -0.54952142 -0.62028284 1.02300116 -0.16034703 1.79094459 0.56279307 1.18751362 -1.84636026 -1.75924236 -1.72200805 -0.75441321 1.50991532 -1.88284859 -1.98132771 -1.25933364 -1.62353113 -1.17048297 -0.02412259 -0.80991007 0.57152472 0.22469817 -1.81023135 -1.88988269 1.40944731 -1.12490825 -0.46561525 -0.57931769 0.42685267
-1.85917668 1.23776412 -0.85629860 -0.70558961 1.85438341 1.07849270 1.54249049 0.30849342 0.14554784 0.59459296 1.88509274 -1.85274627 0.72307655 -0.45084602 1.93767762 -1.88567277 -0.79235257 -1.16342676 1.95889293 -1.41058084 0.68621374 1.16179156 -1.37601648 -0.63038447 -1.96055713 1.02012057 -0.82810399 0.70136093 -1.82960904 -1.74187301 0.04844895 -0.92551579 -1.21392601 -1.01204174 1.88846362 1.90386908
0.71714167 -0.53752724 1.90572468 1.30710866 0.45397902 -0.61665802 -0.50662141 1.23377233 -0.42528193 1.85587379
tanh
0.9686637104010047

6 8 4 2
-1.35710812 0.87283186 1.43294858 -0.66957951 1.29524419 -0.80527334 -1.00372943 -0.28649398 -1.66049022 -1.38149942 -1.50494789 0.29753219 -0.62466260 0.18157560 0.02775667 -1.30401337 -1.25192544 0.54586750 -1.58557115 0.80364258 -1.20721407 -0.45373711 1.47272292 1.65654558 -1.81229862 -1.21492179 -1.30381962 1.83333977 -0.48823215 -0.64850858 1.03429978 -0.16203224 1.83877212 0.51496567 1.12724636 -1.85380623 -1.73037073 -1.61506521 -0.84374234 1.38271113 -1.90016744 -1.71195092 -1.20867504 -1.64890840 -1.12234345 -0.07525682 -0.89010218 0.69732372 0.12205739 -1.82565550 -1.88676731 1.26789143 -1.21043815 -0.58778361 -0.46473610 0.32585519
-1.83732843 1.18940967 -0.76700490 -0.74098605 1.88324519 1.00349177 1.57814971 0.28027325 0.18059815 0.53383777 1.85934730 -1.86007686 0.76452731 -0.42820928 1.92125447 -1.86153394 -0.77932294 -1.13596209 1.93546955 -1.47994716 0.70122352 1.13247927 -1.50800960 -0.96799375 -1.96742076 1.16669044 -0.83295648 0.76472370 -1.85761941 -1.79870286 -0.03458972 -0.91636019 -1.20490929 -1.01055289 1.86058954 1.90718400
0.79741007 -0.49437411 1.90289093 1.23020759 0.54465715 -0.64857899 -0.60193342 1.18789601 -0.42560985 1.90010945
tanh
51.23916435241699

6 8 4 2
-1.36046312 0.82026964 1.35879449 -0.66916568 1.30096122 -0.73270283 -0.93381876 -0.29891578 -1.68600716 -1.37708783 -1.53036016 0.35130364 -0.62648717 0.22981252 -0.00520917 -1.24054113 -1.23570779 0.49957895 -1.51424509 0.85594735 -1.23688326 -0.46130026 1.45957454 1.60780735 -1.80749696 -1.14273925 -1.33421572 1.84391222 -0.45681853 -0.62140482 1.00848848 -0.13506151 1.84016122 0.45342347 1.11090000 -1.83988193 -1.72685091 -1.56256084 -0.75534527 1.35637817 -1.90501354 -1.69498876 -1.16555467 -1.67683674 -1.03088652 -0.12230891 -0.92236775 0.70021491 0.05914106 -1.81348272 -1.88643800 1.16337648 -1.22571309 -0.62403182 -0.43295003 0.26750746
-1.82153163 1.14975059 -0.70771240 -0.74661014 1.87999131 0.95242458 1.57660619 0.32166233 0.21762587 0.52510398 1.82735288 -1.87511161 0.82133656 -0.42272059 1.93702813 -1.90991148 -0.73799018 -1.11953607 1.94938738 -1.43288207 0.66741835 1.11044831 -1.44870010 -0.90242202 -1.94028455 1.12220185 -0.84553352 0.74134275 -1.87484963 -1.79392791 -0.05386823 -0.92898602 -1.08783534 -0.99993685 1.86377915 1.83071467
0.76475089 -0.45049112 1.91245977 1.21142397 0.58226378 -0.66636570 -0.59057518 1.18093353 -0.45773547 1.88356934
tanh
50.406277656555176

