6 8 4 2
1.37625951 0.72035039 0.60978472 -0.56630221 -1.72833956 1.07357074 0.86912606 -0.82364215 0.72633257 0.62742570 -1.18014903 -1.85534640 1.49233653 -1.29194672 -0.09657273 0.24677860 0.55812365 -1.34755210 -1.42588640 0.26149061 -0.78942629 -0.96110350 -1.63548483 -1.60064436 -0.16608361 1.40249926 0.79118980 -1.34898211 1.50878283 1.21786531 -1.32043843 1.60264372 0.03948251 0.73988925 -1.37670382 0.27003078 -0.60188698 -1.66644866 -0.56538485 1.00648387 -1.22629433 1.42416378 0.91585084 -1.39083416 -1.64955132 -0.69443951 1.29132387 -0.37538752 0.97210829 1.07299473 -0.70368066 1.09277233 1.05672988 1.63397018 1.59732805 0.60949400
-0.38178929 1.42427704 -0.88888850 -0.32148546 -1.21719392 -1.80437426 -1.33053441 1.19408188 1.76935130 1.54263189 -1.09747639 -1.84975711 1.83896260 0.60712540 -1.69884339 -1.90050468 0.43731837 -1.38456583 -0.00763927 0.98746939 -1.13264188 1.92189420 1.86042469 0.30146921 -0.03666978 -0.53999990 -0.35725279 -1.27561076 -1.64863516 0.25822338 -0.23592675 -1.57793069 -0.21614824 1.64297378 0.36665168 0.98596623
1.60274131 1.94356847 -1.86189885 -1.80522742 -0.31340971 0.91384329 -1.52456192 -1.74038826 -0.95954377 -0.31793753
tanh
1.2952389349486946

6 8 4 2
1.38823099 0.72429186 0.64483655 -0.58152541 -1.78250522 1.08351914 0.87183072 -0.82716174 0.72101483 0.62340186 -1.34419555 -1.93640389 1.52705161 -1.31674771 -0.10931722 0.24544382 0.57057466 -1.35882984 -1.44526555 0.26561226 -0.79519109 -0.96836181 -1.63417237 -1.61405160 -0.17117995 1.39858748 0.80542737 -1.33174433 1.48256185 1.22152665 -1.33919494 1.61711768 0.06890205 0.77298603 -1.40145894 0.25631971 -0.61974361 -1.70726943 -1.01367829 1.00707279 -1.21429747 1.43510279 0.94008419 -1.38521350 -1.66519425 -0.70041522 1.30649592 -0.36167018 0.96510118 1.09067396 -0.79081421 1.00942609 1.05688609 1.67703498 1.66642565 0.62867610
-0.37633295 1.39296897 -0.91531233 -0.29793899 -1.21261623 -1.75508830 -1.34274800 1.18154005 1.84111571 1.57925652 -1.21041567 -1.88091990 1.88034481 0.59413153 -1.71417612 -1.86629719 0.45107246 -1.39976763 -0.01735651 0.99153799 -1.15892844 1.49042476 1.91261968 0.31046578 -0.01427387 -0.61135852 -0.34697155 -1.30289948 -1.63151117 0.26555803 -0.23773780 -1.61843427 -0.20833812 1.70734170 0.35607810 0.98760087
1.60084137 1.95564044 -1.78714896 -1.83189440 -0.31887029 0.93412228 -1.52420461 -1.67975803 -0.97161799 -0.32900537
tanh
1.2896643797366876

6 8 4 2
1.16450291 0.86704716 0.27626362 -0.67192078 -1.83388764 1.64087990 0.91515045 -0.91320398 0.70137826 0.18499946 -1.24839623 -1.94145709 1.40811755 -1.40114081 -0.16747466 0.22048347 0.68910253 -1.16858839 -1.58803762 0.20331825 -0.41551101 -1.14575536 -1.63026224 -1.68892564 -0.42448932 1.72845978 0.83242900 -1.59880807 2.00650104 1.97202752 -1.42506347 1.59315670 0.27161798 0.35827327 -1.29523654 1.00057661 -0.73313354 -1.66823831 -1.49630504 1.00838290 -1.73436027 1.34059971 0.79463215 -1.19137501 -1.74685792 -0.79054802 1.98268636 -0.74825568 1.04190130 1.02977008 -0.70153817 1.08144807 0.83887584 1.74174061 1.60695269 0.71730099
-0.39634548 1.95852346 -0.80777461 -0.49328441 -0.54424261 -1.87407959 -1.66678286 0.83531748 1.78919376 1.62128845 -1.02416307 -1.80612060 1.92122336 0.72718057 -1.70888519 -1.91861575 0.34482317 -1.63192064 0.54894299 0.13955455 -1.33864235 1.96576876 1.99645777 0.28339072 -0.09153855 -0.59932845 -1.11469307 -1.38537639 -1.74736472 0.40059504 -0.32165770 -1.51424405 -0.26763636 1.76129586 0.29063091 1.60113351
1.58623933 2.00537237 -1.96887671 -1.88066978 -0.31825723 1.00760127 -1.58563390 -1.84290543 -1.01537659 -0.38457410
tanh
1.2924383746467516

6 8 4 2
1.35166336 0.70917222 0.62363174 -0.54730150 -1.71795417 1.06624126 0.87959814 -0.82699327 0.73020384 0.61183332 -1.23816133 -1.90630742 1.49118781 -1.27764434 -0.09832467 0.27319424 0.56808657 -1.33708656 -1.49458459 0.27804221 -0.76762627 -0.97994179 -1.60339430 -1.58248238 -0.19429318 1.44081929 0.76899719 -1.31489228 1.50150721 1.17489596 -1.29521548 1.58545327 0.03713863 0.74538839 -1.36399836 0.28123286 -0.61805412 -1.63335042 -1.10772573 1.01026774 -1.25693450 1.36548682 0.90321189 -1.35736771 -1.65631123 -0.66112914 1.25207236 -0.38149329 0.93415088 1.06328690 -0.76350022 1.09906480 1.05659187 1.67565329 1.63406783 0.62182092
-0.39614705 1.42796468 -0.93153674 -0.29375524 -1.22213510 -1.75126937 -1.29725761 1.11202388 1.81186660 1.55953194 -1.10326706 -1.83908383 1.85997742 0.59599331 -1.70256525 -1.89999265 0.46395593 -1.38680998 -0.02992372 0.95779434 -1.12734053 1.91968961 1.86402577 0.31177886 -0.01562266 -0.58131395 -0.33343933 -1.27860954 -1.67447062 0.23845405 -0.20890284 -1.55012734 -0.21725777 1.65368907 0.35027590 0.98268156
1.58865955 1.95007575 -1.80018801 -1.79819503 -0.33814623 0.92361582 -1.48441250 -1.72124555 -0.95627435 -0.30602582
tanh
1.286916698226055

6 8 4 2
1.36945739 0.72129706 0.61584014 -0.55559686 -1.71562371 1.05299256 0.85555781 -0.82419039 0.72471479 0.62305913 -1.45564972 -1.92730551 1.49195479 -1.27641731 -0.11513726 0.25991684 0.55094213 -1.33345912 -1.45417360 0.29274753 -0.76831293 -0.97209474 -1.61308889 -1.74925272 -0.17574717 1.41858489 0.78691142 -1.32743112 1.50784802 1.18406189 -1.29578342 1.58746811 0.06262416 0.73457342 -1.36098301 0.26976522 -0.62409617 -1.65834448 -1.09284593 0.98645276 -1.24987427 1.39900603 0.89825515 -1.34655597 -1.66078746 -0.66140663 1.25894787 -0.36867604 0.96116058 1.05551549 -0.78837038 1.07901018 1.05728357 1.67002455 1.63163465 0.62847053
-0.40439934 1.41128395 -0.90681563 -0.30868766 -1.21879326 -1.64292865 -1.30361276 1.13623445 1.81020434 1.58216215 -1.09347437 -1.85203215 1.89062299 0.59897319 -1.70810528 -1.90805014 0.43763759 -1.37207638 -0.01519886 0.95567822 -1.35017731 1.71332994 1.86094903 0.30913384 -0.00493931 -0.55670391 -0.35866668 -1.28437643 -1.67027402 0.23972044 -0.25071981 -1.54337357 -0.23454722 1.67302571 0.35428451 0.97866737
1.58492783 1.94847655 -1.69841330 -1.81257210 -0.31451246 0.93105747 -1.48341906 -1.70599093 -0.93523453 -0.30964093
tanh
1.286916698226055

6 8 4 2
1.42397919 0.76371687 0.62910582 -0.64341998 -1.75386156 1.14394087 0.90195379 -0.85621147 0.78933188 0.66163716 -1.13454425 -1.88809109 1.57473340 -1.38175282 -0.14004257 0.24377680 0.55223397 -1.38789930 -1.38434280 0.24984115 -0.91513355 -1.04453513 -1.81630841 -1.62949482 -0.18530601 1.26190580 0.88199198 -1.42830177 1.48564645 1.29241896 -1.36638208 1.67344150 0.09377210 0.76420602 -1.48693822 0.28012264 -0.64192727 -1.73389973 -0.95277133 1.02737024 -1.23617345 1.49973768 0.97444156 -1.51474968 -1.70696190 -0.72790378 1.36152461 -0.38312852 1.03340499 1.14467259 -0.54974037 1.15254737 1.09625517 1.75385381 1.61268568 0.60670615
-0.42840388 1.48933193 -0.90610688 -0.31897320 -1.23176633 -1.78891925 -1.43849188 1.25074596 1.75864167 1.45945713 -1.15584499 -1.94700410 1.87872377 0.63017377 -1.77492545 -1.83852348 0.44709364 -1.40529858 0.03108664 1.02873302 -1.19504730 1.76501194 1.89646465 0.32221310 -0.02668534 -0.44716920 -0.41474278 -1.37807765 -1.56717979 0.31011496 -0.24588401 -1.72450314 -0.23308893 1.73163598 0.36732053 1.02868036
1.61661425 1.94314092 -1.83585917 -1.79629021 -0.31761876 0.96818676 -1.61458158 -1.81592815 -1.03908666 -0.34151724
tanh
1.2896643797366876

6 8 4 2
1.35579617 0.69433311 0.60323750 -0.56098778 -1.70446679 1.03909440 0.86355480 -0.82815112 0.72586102 0.62289969 -1.22054338 -1.94270645 1.50155096 -1.26932514 -0.10120445 0.26532551 0.55434794 -1.33515657 -1.47637948 0.29357302 -0.76497846 -0.97420970 -1.61273974 -1.60975089 -0.19522860 1.31027551 0.77994315 -1.33575124 1.53351077 1.16124766 -1.30611869 1.59475343 0.02477243 0.72211727 -1.36839014 0.27745244 -0.62847351 -1.66424306 -1.06535968 1.00693801 -1.25850865 1.39489364 0.89448914 -1.36161970 -1.63324079 -0.66614583 1.25960014 -0.36983221 0.94838936 1.06839802 -0.74694644 1.10094437 1.05222543 1.73849357 1.60820956 0.60485730
-0.39003641 1.45502749 -0.90552814 -0.29400933 -1.22129716 -1.79119523 -1.28630428 1.15623859 1.79282298 1.39025180 -1.12831637 -1.85226821 1.79949405 0.58821711 -1.70385005 -1.90306672 0.45296300 -1.37708493 -0.02095846 0.95191208 -1.13072287 1.93104610 1.89451347 0.32378988 -0.02090728 -0.55105349 -0.34765647 -1.27668281 -1.52677850 0.27039168 -0.22923079 -1.56643759 -0.19722826 1.65631675 0.34392868 0.97576263
1.58593742 1.96302886 -1.82778556 -1.81131107 -0.32064623 0.91043358 -1.49360010 -1.72174109 -0.94528183 -0.30404070
tanh
1.286916698226055

6 8 4 2
1.35826103 0.71337027 0.62419755 -0.54984265 -1.72267819 1.06652083 0.87315525 -0.82017542 0.72302746 0.60678800 -1.23653011 -1.90890880 1.49189913 -1.28426877 -0.09317766 0.26698979 0.56441718 -1.33829979 -1.45797202 0.27394363 -0.76299280 -0.88283316 -1.56772365 -1.59842214 -0.18391766 1.41818979 0.77065386 -1.30839188 1.51559601 1.18141020 -1.30616463 1.58044198 0.03761700 0.74250798 -1.36270873 0.27317358 -0.60791649 -1.65906733 -1.09431723 1.00746459 -1.12112159 1.39825852 0.89978175 -1.35257455 -1.65109279 -0.66322444 1.25631303 -0.37438559 0.93726360 1.05691781 -0.74341636 1.10164739 1.04494337 1.64378251 1.61933276 0.62244250
-0.38380476 1.32196727 -0.93094671 -0.28987709 -1.21470759 -1.73166887 -1.30544636 1.14816628 1.76876762 1.57623292 -1.09601696 -1.86604570 1.86364031 0.60085169 -1.70142445 -1.90878184 0.45165731 -1.38393578 -0.03760804 0.95852383 -1.12581940 1.75499403 1.86615222 0.30703803 -0.01479877 -0.58843255 -0.33837027 -1.27579944 -1.67496476 0.23718444 -0.21989375 -1.47034610 -0.21803235 1.66931060 0.34581822 0.98355379
1.58972801 1.95211698 -1.78848956 -1.80741254 -0.33126113 0.91435260 -1.49383674 -1.65437824 -0.94652773 -0.30704252
tanh
1.2924383746467516

6 8 4 2
1.41669879 0.75055717 0.66409914 -0.64823000 -1.70435211 1.12453562 0.89496567 -0.80694822 0.75262404 0.61816834 -1.24685581 -1.88246810 1.53229139 -1.23388820 -0.12716644 0.22926088 0.54461335 -1.37138305 -1.50386488 0.26753252 -0.93807598 -0.98226456 -1.64882252 -1.62075741 -0.13172119 1.33279865 0.87861904 -1.38121052 1.45363840 1.25691630 -1.30065830 1.61921731 0.12517095 0.78038282 -1.33631045 0.25774169 -0.58055840 -1.72593966 -1.28162779 1.03146825 -1.29862143 1.38168847 0.96807471 -1.33261136 -1.63546891 -0.74009463 1.34243677 -0.31918836 1.02534322 1.10127471 -0.75256248 1.05620352 1.06496976 1.62757134 1.54907741 0.62266653
-0.37962874 1.46480795 -0.90944013 -0.32440370 -1.18750334 -1.79075184 -1.37631626 1.22036832 1.76680618 1.55632501 -1.09438017 -1.87611514 1.85531996 0.58678480 -1.72479449 -1.92489771 0.44160354 -1.41179724 -0.01038176 1.04837237 -1.17455589 1.97105296 1.86028058 0.28698035 -0.01679447 -0.58251166 -0.41406570 -1.22642727 -1.62415305 0.27722366 -0.30617178 -1.60718137 -0.24335400 1.66190144 0.38563784 0.99832908
1.60656447 1.96477587 -1.82575299 -1.81383313 -0.31849439 0.96667053 -1.54003556 -1.67816282 -0.98188756 -0.34630315
tanh
1.2896643797366876

6 8 4 2
1.35228873 0.69712904 0.63539424 -0.50794092 -1.69733309 1.03173139 0.95038335 -0.84138112 0.80194801 0.60239261 -1.04250921 -1.82313095 1.50406785 -1.25891465 -0.08991100 0.26792674 0.53233000 -1.33934484 -1.45668822 0.27860014 -0.82290921 -1.03689390 -1.60722296 -1.60484445 -0.22851114 1.16673866 0.76095923 -1.34324675 1.61018768 1.17331996 -1.28387509 1.58626554 0.05256919 0.71410756 -1.36821116 0.33759774 -0.68157579 -1.61408389 -0.98329036 1.02414315 -1.17664368 1.43177557 0.90044487 -1.37287566 -1.68821673 -0.62039477 1.30323747 -0.37129915 0.95396603 1.11741998 -0.44439949 1.05045915 1.12511357 1.57069240 1.45655256 0.63032836
-0.44509275 1.48480577 -0.93200129 -0.31697031 -1.23434498 -1.83059745 -1.32394707 1.15216715 1.68293721 1.53020414 -1.15341141 -1.87306457 1.83482952 0.55961088 -1.70198116 -1.97183573 0.54847787 -1.42074309 -0.03284863 0.94705090 -1.14215317 1.86020449 1.75696990 0.31118659 0.02602567 -0.40170913 -0.33028198 -1.27370019 -1.65316271 0.22857075 -0.24949017 -1.64622431 -0.23944686 1.72830886 0.34982529 1.02753680
1.58301810 1.96811665 -1.85346038 -1.74568502 -0.38728173 0.92629826 -1.45965628 -1.75251203 -0.96713542 -0.30886678
tanh
1.2896643797366876

6 8 4 2
1.40613024 0.60279696 1.13097121 -0.62570415 -1.78357003 1.27343490 0.76540490 -0.89469072 0.60945348 0.53155329 -1.24471484 -1.92790209 1.42939526 -1.30434983 -0.06130466 0.15968793 0.49527367 -1.27766499 -1.60992030 0.20679642 -0.74697687 -0.87488977 -1.65211678 -1.61882496 -0.16303079 1.38851576 0.67211965 -1.37931421 1.41679449 1.10760881 -1.44643675 1.58832932 0.01452601 0.84626327 -1.42153727 0.08693727 -0.72341096 -1.60832420 -0.99489365 0.67263326 -1.44025882 1.29352273 0.77736974 -1.41300408 -1.62283050 -0.72946648 1.35224732 -0.32160530 0.57125271 1.10244231 -0.76992195 1.11284623 1.10906457 1.66084185 1.65885663 0.64842136
-0.40004114 1.41781551 -0.86082413 -0.11655361 -1.19953500 -1.78684499 -1.24106534 1.08209584 1.79933979 1.60241562 -1.15406514 -1.85630877 1.83891613 0.46766904 -1.69568901 -1.90900199 0.57961028 -1.42488821 -0.10646091 0.81880588 -1.08886355 1.98284406 1.87626978 0.34901574 -0.17160473 -0.61163638 -0.12950164 -1.31378013 -1.65275581 -1.06008445 -0.20673299 -1.54155885 0.39061897 1.68605014 0.44215595 0.88043390
1.53620594 1.90794396 -1.78811433 -1.80386126 -0.31956716 0.86897335 -1.49655482 -1.68127131 -1.04322958 -0.16893143
tanh
1.2709693773165371

6 8 4 2
1.34147024 0.70073623 0.62449768 -0.54147464 -1.71962657 1.07406303 0.86696481 -0.81267381 0.72407068 0.60956230 -1.26569010 -1.90802485 1.47114035 -1.27447511 -0.08642503 0.28215154 0.56463511 -1.34680187 -1.47565912 0.28713058 -0.75095257 -0.95692546 -1.58987817 -1.59879193 -0.19629620 1.38536785 0.75800598 -1.30242227 1.49274689 1.16287324 -1.29650116 1.58017122 0.02260495 0.73894934 -1.36434101 0.27351894 -0.59232121 -1.65107050 -1.13126044 1.00792172 -1.28542650 1.37874754 0.89951455 -1.36171281 -1.64557605 -0.65879498 1.24118439 -0.37270452 0.93958701 1.04853775 -0.80303976 1.09470965 1.04200391 1.68406992 1.60075674 0.62318577
-0.39103219 1.43116517 -0.91916397 -0.29090873 -1.23073109 -1.75658388 -1.29872349 1.13775927 1.81308583 1.58777639 -1.08443631 -1.83936360 1.86689747 0.60122809 -1.69751261 -1.89403586 0.43435238 -1.37150423 -0.03407068 0.94293910 -1.10305772 1.93070411 1.86468277 0.32581629 -0.02188336 -0.55073727 -0.33593505 -1.26734497 -1.66122241 0.22946081 -0.21365712 -1.55613156 -0.21709365 1.66375756 0.36050391 0.96612234
1.58309619 1.95153787 -1.80498692 -1.80086203 -0.32165846 0.90112164 -1.48648588 -1.71129559 -0.94802324 -0.30359526
tanh
1.2952389349486946

6 8 4 2
1.24216951 0.62981728 0.60567173 -0.54100377 -1.69170602 1.01569542 0.93662542 -0.91588859 0.61536578 0.56390128 -1.53494500 -1.87066925 1.46658787 -1.36764869 -0.04063852 0.51154177 0.55145031 -1.32531828 -1.39972189 0.19399038 -0.79156938 -0.76380856 -1.67062864 -1.55434587 -0.35926201 1.54601792 0.82701237 -1.30127319 1.42278961 0.99503007 -1.24878965 1.59356928 -0.03485674 0.80485894 -1.42700312 0.37300120 -0.62558724 -1.68560104 -1.24326330 0.82591537 -1.37495917 1.88899098 0.85561349 -1.39708324 -1.61658695 -0.41842076 1.10688256 -0.49625794 1.01692353 1.12100966 -0.57889376 1.09137190 1.58520225 1.71822725 1.58821276 0.67466244
-0.33715150 1.48457697 -0.76624917 0.02281642 -1.27610193 -1.76290231 -1.43129112 1.08813870 1.86326924 1.62733672 -1.10441238 -1.86901095 1.89240032 0.83225014 -1.70869624 -1.90212111 0.43949539 -1.41504398 -0.06931546 1.08586330 -1.20917048 1.87403974 1.85352735 -0.02620921 -0.08202570 -0.59120567 -0.49413608 -1.27009820 -1.69652706 0.54106285 -0.40238863 -1.52138569 -0.39889457 1.64731532 0.49435208 0.86183220
1.59318975 1.86503930 -1.76593679 -1.78561877 0.04037831 0.85252727 -1.42735282 -1.74271334 -0.93668962 -0.09987698
tanh
1.2952389349486946

6 8 4 2
1.31317575 0.72674582 0.48749222 -0.53861462 -1.72316691 1.07287459 1.01941271 -0.62232052 0.79152984 0.58206292 -1.25894846 -1.89977642 1.51652391 -1.31821400 -0.16525451 0.23729014 0.59103076 -1.35034560 -1.46271425 0.26347120 -0.66624716 -0.92887434 -1.58160609 -1.54834533 -0.24653837 1.44026670 0.73677697 -1.26657709 1.51249360 1.21736845 -1.27350143 1.56469098 -0.04216432 0.76037879 -1.33596961 0.32690793 -0.60641070 -1.64313435 -1.17209707 1.03469482 -1.23480033 0.84117656 0.79423174 -1.37048287 -1.65549980 -0.68743651 1.17230738 -0.41523602 0.96275208 1.04959415 -0.64920694 1.10381035 1.03513572 1.67020071 1.63724571 0.57214647
-0.38399886 1.45552959 0.04385358 -0.20239499 -1.08543445 -1.76704566 -1.24840384 1.16918906 1.83029289 1.57228188 -1.60076977 -1.84958511 1.85216141 0.61103333 -1.70454612 -1.79977736 0.41843209 -1.34739198 -0.10170220 0.88958159 -1.67819804 2.04604001 1.86802258 0.34086869 -0.04302325 -0.54040985 -0.38865637 -1.26541939 -1.67064140 0.16434828 -0.17380132 -1.54512452 -0.22423942 1.68199945 0.34631632 0.98702314
1.58957260 1.92174696 -1.81457121 -1.82709688 -0.26740564 -0.06224301 -1.53387551 -1.70294987 -1.60185875 -0.25895450
tanh
1.2896643797366876

