6 8 4 2
1.61729686 -1.11842670 1.40148622 -1.45332418 -0.56740592 0.87711697 0.10885012 -0.07364083 -0.27674550 -0.72278176 1.09259968 0.23714946 0.24681959 1.53811868 -0.49384324 -0.80995692 -0.88082323 0.46651354 0.35379792 -1.08371399 0.02878880 1.41399077 -1.96968630 0.11084519 -1.55234608 0.10110435 -0.10109403 1.01813907 0.96929655 -0.41579704 0.67540139 -0.31204847 -1.49673714 1.24226517 -0.40914187 -0.05490708 -1.36482250 -1.78762153 0.24688160 1.40927056 -0.89998794 -0.54550243 -0.27673742 -0.19443645 -0.21533888 1.17366882 -1.03035573 -0.86077915 -0.34508486 1.56972462 0.31709627 -1.10718579 0.26263480 0.24299175 0.18991633 -0.60552839
-0.54632707 -0.87271476 1.42704513 0.30481288 -0.27258606 0.98031083 0.07492449 -0.82318216 0.09342512 -0.93756711 0.18767205 -0.00607375 0.52223725 0.36984149 -0.08933255 -1.29996637 1.23920813 -1.00965385 -0.26609849 0.28859746 -1.56910027 -1.12767967 0.32978053 -1.07820792 -0.37363068 0.09439386 -0.09854134 -1.19209221 0.54880222 -1.06574693 -0.48042995 0.74000206 -0.50820009 -0.24391369 -0.95022644 -1.49536092
1.43411038 -1.02304236 0.69107462 -0.96010614 0.23576864 0.40783694 1.32591474 1.00388122 -1.14715479 0.24891088
tanh
1.509589688625891

6 8 4 2
1.75727382 -1.31231685 1.55820404 -1.59291087 -0.61752627 1.03696322 0.09053231 -0.18308649 -0.28233703 -0.65306873 1.12275573 0.28451703 0.21390426 1.60529483 -0.43305960 -0.91835355 -1.01980240 0.45559523 0.52196045 -1.19195888 0.00068694 1.50827881 -1.88565899 0.20712768 -1.59011219 0.10647097 -0.18402565 1.28897551 1.10826818 -0.51879479 0.85123979 -0.34695545 -1.60412847 1.33825941 -0.57474478 -0.05970109 -1.39021478 -1.75043163 0.39774331 1.45099150 -0.76735677 -0.67675744 -0.23066658 -0.21864220 -0.17916535 1.15926592 -1.12791803 -0.96157388 -0.37508396 1.59163942 0.33042085 -1.07640044 0.37458489 0.33748851 0.10337846 -0.77105924
-0.55066929 -0.86189133 1.50768937 0.28637571 -0.47639560 1.03584618 0.30571907 -1.03514952 -0.02847784 -1.09914778 0.27459320 -0.06748469 0.48702993 0.50608165 -0.06957083 -1.34011430 1.35007867 -1.20515251 -0.38836025 0.21905885 -1.20960895 -1.20085522 0.44227522 -1.30468771 -0.58291218 -0.01059741 -0.17754569 -1.12818258 0.71163225 -1.01390066 -0.53358810 0.67820706 -0.58918493 -0.18581433 -0.98114967 -1.57350784
1.58474358 -1.19830159 0.76442998 -0.98554323 0.21143316 0.57340679 1.50472582 1.02777694 -1.40869561 0.26540396
tanh
1.2654240019508523

6 8 4 2
1.67494123 -1.14003937 1.45904070 -1.53943970 -0.49869196 0.89739073 0.17022883 -0.09819384 -0.32304064 -0.78096396 1.11849765 0.26086385 0.18091931 1.46162855 -0.43761980 -0.77994917 -0.90706949 0.56121767 0.43356717 -1.12199112 0.06540180 1.48112967 -1.98116263 0.10338043 -1.51639264 0.11835536 -0.10211013 1.08572705 0.99176803 -0.47931222 0.70879816 -0.27993983 -1.58057725 1.27213606 -0.35820519 -0.11545816 -1.32483689 -1.75465238 0.29173895 1.26602643 -0.84770135 -0.47709071 -0.34709935 -0.13453581 -0.26177586 1.18004946 -0.97393510 -0.85668053 -0.37393533 1.53087679 0.39904589 -1.09719141 0.16921934 0.20379897 0.19793336 -0.53145809
-0.58841910 -0.98192410 1.46279210 0.33687309 -0.16684936 0.96465052 0.08292551 -0.75667508 0.06184775 -0.96408047 0.15193386 -0.01307947 0.57990650 0.44520282 -0.09464016 -1.37630447 1.34524541 -1.06313332 -0.23467205 0.34205374 -1.52766519 -1.17945206 0.29715721 -1.06157642 -0.40497352 0.06012700 -0.08083783 -1.29181631 0.55171855 -1.03243062 -0.56906969 0.70400433 -0.54657524 -0.23071330 -0.95129383 -1.55706991
1.54092950 -0.96944528 0.70307891 -0.88725728 0.27797003 0.46552623 1.37742617 1.00698474 -1.18802875 0.18757673
tanh
2.0010891893193077

6 8 4 2
1.46240331 -1.46716687 1.87157333 -1.56160477 -0.57712941 1.09220893 0.08498881 -0.26058265 -0.21408409 -0.78469746 1.30857660 0.31150868 0.26340555 1.39585501 -0.45054298 -1.05082329 -1.12599737 0.47747311 0.57808691 -1.45286130 -0.07672475 1.67795357 -1.82382501 0.36140492 -1.73344335 0.18578351 -0.18845248 1.38539483 1.25422686 -0.66381177 0.92491097 -0.35773403 -1.63790271 1.46044604 -0.62150476 -0.07125038 -1.58667700 -1.63235290 0.48730974 1.34710606 -0.82270420 -0.85217180 -0.30575242 -0.31975577 -0.21271903 1.25676661 -1.33102776 -1.06542077 -0.43336961 1.37464842 0.36481532 -1.21242262 0.32377549 0.34236537 0.04790251 -0.89020580
-0.64037351 -0.88490402 1.62616851 0.33426671 -0.48453848 1.29068668 0.37188901 -1.22179419 -0.07173279 -1.29239807 0.25328401 -0.02548531 0.64224442 0.57426619 -0.11140733 -1.31851437 1.87839157 -1.44465456 -0.47758594 0.24261627 -1.89110126 -1.38644854 0.48241598 -1.38912035 -0.68901873 0.03712823 -0.23402519 -1.22299662 0.82614507 -1.17270917 -0.63919576 0.84047750 -0.80182690 -0.07243368 -1.09692704 -1.57377881
1.52579841 -1.32508737 0.93749116 -1.19188623 0.20348798 0.72793829 1.62699709 1.13025355 -1.23150539 0.41800356
tanh
0.900306256143743

6 8 4 2
1.55520498 -1.21072748 1.46453207 -1.48662254 -0.57770445 0.95301792 0.12055786 -0.15705959 -0.20602883 -0.64423716 1.10564460 0.18479417 0.21765404 1.49320122 -0.47756942 -0.85325815 -0.98646646 0.51244111 0.46668574 -1.10575812 -0.03046571 1.43463474 -1.96258211 0.16152379 -1.56590289 0.06401037 -0.11219449 1.06071746 0.98026623 -0.49397147 0.72916653 -0.28830654 -1.54403906 1.35213371 -0.45418566 -0.01560749 -1.41676698 -1.73621998 0.38524626 1.48382768 -0.79642452 -0.63997608 -0.27868857 -0.22402791 -0.21383038 1.15135421 -1.13020489 -0.89653469 -0.35540261 1.64370552 0.31711604 -1.04231013 0.31175160 0.29276676 0.12390616 -0.61900283
-0.53671096 -0.83539271 1.49829812 0.36736638 -0.28000334 0.96318518 0.20290815 -0.87027559 0.09737776 -1.07338796 0.22799412 -0.10212425 0.50150681 0.40028677 -0.09728415 -1.23702641 1.35026589 -1.08720815 -0.29985356 0.25330371 -1.57212079 -1.18612000 0.35536668 -1.23961058 -0.41002013 0.00146018 -0.12308970 -1.16956720 0.63804673 -1.00847291 -0.46294337 0.69869552 -0.56130179 -0.26142493 -0.95721734 -1.59826891
1.50357531 -1.08004694 0.79839400 -0.99400009 0.23522671 0.44204444 1.33849592 0.95915499 -1.15442976 0.32486431
tanh
1.749959234072369

6 8 4 2
1.59848399 -1.11939842 1.41955122 -1.50100969 -0.43409291 0.87544517 0.04511831 -0.07395428 -0.20880564 -0.70833636 0.98763843 0.25286603 0.16784810 1.52015925 -0.53776268 -0.78569991 -0.92034492 0.45203082 0.30800308 -1.01002196 0.05472535 1.53840774 -1.95611414 0.07772939 -1.51576744 0.13826464 -0.03735922 1.00075162 1.01468419 -0.40164410 0.63903406 -0.48177870 -1.40087192 1.44557611 -0.35706246 -0.03814704 -1.65084827 -1.72495859 0.24187918 1.33498065 -0.93452762 -0.59674557 -0.28979852 -0.25503276 -0.29985584 1.12482585 -1.23250443 -0.98495050 -0.32006454 1.59370884 0.31965190 -1.15646862 0.18297428 0.10767764 0.11921166 -0.96439972
-0.55131821 -1.00670201 1.41816296 0.38738772 -0.14586117 0.85785281 0.00459074 -0.42647001 0.09484692 -0.91220263 0.21291875 0.05294827 0.46669870 0.27012392 -0.16524051 -1.24510364 1.19293404 -1.04523939 -0.18534886 0.32894105 -1.46537125 -0.84353259 0.31525518 -1.12049897 -0.49362509 0.12711734 -0.03444742 -1.25341099 0.58601717 -1.02605468 -0.48969240 0.73909958 -0.63712976 -0.40953756 -0.96064487 -1.51497246
1.36650560 -0.99583541 0.78978843 -1.02768838 0.36425338 0.50015256 1.35722599 0.88963256 -1.20392498 0.29471272
tanh
1.7395791341154307

6 8 4 2
1.29297989 -1.03434084 1.39470000 -1.47077749 -0.55823532 0.90823619 0.10902652 -0.10287634 -0.27665066 -0.72479773 1.33311503 0.24673146 0.23271200 1.52238247 -0.47074844 -0.81340047 -0.91323593 0.47428423 0.39513355 -1.13229848 0.00724033 1.41856079 -1.88259043 0.15843438 -1.55959099 0.10929500 -0.11610754 1.07959012 1.03498679 -0.46921499 0.70766377 -0.32017462 -1.49946960 1.32104557 -0.43385107 -0.06008049 -1.53137962 -1.90994738 0.28231549 1.57579767 -0.87440101 -0.59378728 -0.29062376 -0.21376282 -0.21403255 1.18533110 -0.42109518 -0.89330543 -0.34399846 1.57930872 0.32583391 -1.09447537 0.26836055 0.25026049 0.15406167 -0.65754810
-0.54377198 -0.87041622 1.75873232 0.32153104 -0.30494408 1.01486043 0.12647654 0.17496090 0.07307085 -1.01442852 0.18029269 -0.02374722 0.53303409 0.39651153 -0.11268001 -1.29366130 1.34661320 -1.07972348 -0.28816593 0.27625242 -1.50010712 -1.15858112 0.33931809 -1.13205667 -0.42473175 0.08407630 -0.10948409 -1.17687783 0.57064579 -1.06282453 -0.50681880 0.74285310 -0.55396483 -0.22939827 -0.97983256 -1.49838677
1.44981282 -0.23112883 0.72126309 -0.98077325 0.22260193 0.45722620 1.29909385 1.00170121 -1.15000111 0.26975648
tanh
1.9629781428216473

6 8 4 2
1.64977999 -1.19929242 1.40877316 -1.47856763 -0.56534559 0.88768982 0.11730102 -0.08148243 -0.28193731 -0.75166164 1.09556881 0.25117397 0.22456072 1.49448960 -0.43894637 -0.81588746 -0.91961974 0.47363939 0.40153272 -1.10057109 0.01450245 1.45786101 -2.00705118 0.17883637 -1.54359864 0.10891136 -0.11409952 1.10767974 1.00273078 -0.46612633 0.70120102 -0.34232514 -1.46333149 1.24691438 -0.41398115 -0.07669066 -1.37470461 -1.76682885 0.25849381 1.41186848 -0.85509930 -0.60994100 -0.27558966 -0.23916016 -0.23979748 1.17382705 -1.04076947 -0.88405640 -0.32798993 1.55644575 0.36112318 -1.10172389 0.26213480 0.23991095 0.12381965 -0.67859974
-0.54577846 -0.86823978 1.42698168 0.33096020 -0.31381554 0.98860865 0.15541634 -0.84727854 0.06502761 -1.00207889 0.16168124 -0.05048031 0.54717979 0.39903708 -0.13753785 -1.29843823 1.26460197 -1.05075726 -0.27744896 0.29273359 -1.54792504 -1.18187478 0.32658471 -1.08661661 -0.43074687 0.08371860 -0.10170369 -1.15474648 0.57279947 -1.06800241 -0.52015431 0.72057969 -0.55409703 -0.22499531 -0.99176307 -1.52717595
1.47177775 -1.05182437 0.72733202 -0.99324771 0.23071404 0.48040502 1.37805192 0.98502482 -1.14770660 0.29080159
tanh
1.4701454153344615

6 8 4 2
1.59881776 -1.16428191 1.39387636 -1.49338496 -0.57932028 0.88337568 0.16849896 -0.02121266 -0.31148548 -0.74436019 1.09597465 0.26626886 0.26883411 1.51637564 -0.55442052 -0.85995069 -0.88195134 0.50867245 0.35264136 -1.07419732 0.10814490 1.34249622 -1.96102666 0.10706844 -1.59779282 0.16510568 -0.14075462 1.00524213 0.93625301 -0.38936746 0.66876153 -0.26491809 -1.48214840 1.23235944 -0.39546311 -0.07552037 -1.39140388 -1.77681347 0.25635677 1.39950394 -0.96790888 -0.50413145 -0.32083799 -0.18255135 -0.20729756 1.24056254 -1.06760259 -0.83518832 -0.40915270 1.59727765 0.33435216 -1.13467626 0.26372259 0.24529932 0.18922527 -0.63548893
-0.51239168 -0.87045646 1.50386710 0.30090481 -0.26950504 0.98498196 0.07465579 -0.83314553 0.14834735 -0.97741576 0.19595848 0.03304764 0.52479699 0.39540210 -0.07516413 -1.35515327 1.26040691 -0.96904960 -0.26301175 0.32453092 -1.47682902 -1.14086916 0.29932547 -1.08634743 -0.33047937 0.12577153 -0.05669155 -1.23321810 0.54247210 -1.11628755 -0.43762110 0.79711740 -0.47488562 -0.22485720 -1.00505249 -1.52463270
1.43705498 -1.02905978 0.64641560 -0.96814920 0.27137941 0.38124681 1.32947400 1.07197842 -1.19320224 0.22213414
tanh
1.711306485230867

6 8 4 2
1.63954484 -1.14370531 1.40266848 -1.46459401 -0.55947248 0.90044204 0.11186191 -0.09120515 -0.28728653 -0.71911399 1.09690113 0.22995135 0.23953965 1.56472526 -0.48168585 -0.79594733 -0.89377955 0.47561923 0.38049255 -1.09320178 0.02307706 1.40982556 -1.97548847 0.13116190 -1.54975287 0.09765915 -0.11206463 1.03998262 0.98960456 -0.44679841 0.68775170 -0.32517751 -1.53969270 1.24713043 -0.42193607 -0.06058904 -1.36541793 -1.80420008 0.25502610 1.38748740 -0.88296526 -0.56768464 -0.29572191 -0.20675880 -0.21202468 1.18958773 -1.04742395 -0.87842156 -0.33457530 1.56548833 0.32074881 -1.10400920 0.25814993 0.23722921 0.16653292 -0.62429376
-0.55054248 -0.87396421 1.43556749 0.31581999 -0.28831873 0.97388543 0.09576255 -0.82926733 0.08222423 -0.96210293 0.16717857 -0.01132057 0.52511511 0.38818884 -0.10573754 -1.29618610 1.24457346 -1.03484372 -0.27235550 0.28136831 -1.54480981 -1.14742840 0.32390763 -1.09028700 -0.39003600 0.08815390 -0.09710436 -1.18598723 0.55093518 -1.06788722 -0.49665830 0.74841596 -0.52933629 -0.24959279 -0.97307876 -1.49977162
1.44797140 -1.04023236 0.70249652 -0.96415421 0.23633538 0.43608681 1.34031127 0.99236237 -1.15061207 0.25809254
tanh
1.4590487527938603

6 8 4 2
1.75723539 -1.15707485 1.41388849 -1.47313087 -0.55669706 0.90051670 0.11095073 -0.08880272 -0.28023824 -0.72164466 1.10062773 0.24137456 0.23795852 1.50529050 -0.48355719 -0.80333190 -0.89654937 0.47708573 0.37653999 -1.09105165 0.01844047 1.42445926 -1.93344798 0.13154601 -1.55416944 0.10938665 -0.11184637 1.05050397 0.98907812 -0.44922906 0.69491124 -0.31345647 -1.49524800 1.24281440 -0.41956471 -0.05963738 -1.36946896 -1.81112970 0.26729918 1.40202864 -0.88873524 -0.57144592 -0.29028392 -0.20496357 -0.21280036 1.18513318 -1.04740915 -0.87931671 -0.34245782 1.56421341 0.31993971 -1.09838037 0.26018091 0.24731250 0.17014329 -0.63360374
-0.54006291 -0.86982671 1.44467309 0.31641120 -0.28815322 0.98240565 0.09959851 -0.83741272 0.08749494 -0.96925708 0.17953858 -0.01505713 0.52511383 0.38565291 -0.10480555 -1.30276671 1.24532103 -1.03367589 -0.27438679 0.28065610 -1.50322076 -1.14739869 0.33124416 -1.09741807 -0.39759395 0.08948666 -0.09680808 -0.95246618 0.55665408 -1.06929367 -0.49511549 0.74459720 -0.53057921 -0.23907152 -0.96928523 -1.59238819
1.45084438 -1.04740383 0.70242794 -0.96781444 0.23235044 0.43500062 1.34415385 1.00195285 -1.15532573 0.25720140
tanh
1.4531522337760316

